# Project Zomboid Skinned Mesh
# File Version:
1.0
# Model Name:
Vehicle_WheelFRS1
# Vertex Stride Element Count:
3
# Vertex Stride Size (in bytes):
76
# Vertex Stride Data:
# (Int)    Offset
# (String) Type
0
VertexArray
12
NormalArray
24
TextureCoordArray
# Vertex Count:
52
# Vertex Buffer:
0.04455186, 0.14253451, -0.00052639
0.0, 1.0, 0.0
0.1755832, 0.18401921
-0.04507887, 0.1234788, 0.07058891
0.0, 0.86602372, 0.49998474
0.0342386, 0.26367241
0.04455186, 0.1234788, 0.07058891
0.0, 0.86602372, 0.49998474
0.1755832, 0.26367241
-0.04507887, 0.14253451, -0.00052639
0.0, 1.0, 0.0
0.0342386, 0.18401933
-0.04507887, 0.07141921, 0.1226485
0.0, 0.49998474, 0.86602372
0.03423855, 0.34332538
0.04455186, 0.07141921, 0.1226485
0.0, 0.49998474, 0.86602372
0.1755832, 0.34332538
-0.04507887, 0.00030391, 0.1417042
0.0, 0.0, 1.0
0.03423855, 0.42297852
0.04455186, 0.00030391, 0.1417042
0.0, 0.0, 1.0
0.1755832, 0.42297852
-0.04507887, -0.07081138, 0.1226485
0.0, -0.49998474, 0.86602372
0.03423855, 0.5026314
0.04455186, -0.07081138, 0.1226485
0.0, -0.49998474, 0.86602372
0.1755832, 0.5026314
-0.04507887, -0.12287098, 0.07058891
0.0, -0.86602372, 0.49998474
0.03423849, 0.58228451
0.04455186, -0.12287098, 0.07058891
0.0, -0.86602372, 0.49998474
0.1755832, 0.5822846
-0.04507887, -0.14192668, -0.00052639
0.0, -1.0, 0.0
0.03423849, 0.66193751
0.04455186, -0.14192668, -0.00052639
0.0, -1.0, 0.0
0.17558309, 0.66193751
-0.04507887, -0.12287098, -0.07164168
0.0, -0.86602372, -0.49998474
0.03423849, 0.74159059
0.04455186, -0.12287098, -0.07164168
0.0, -0.86602372, -0.49998474
0.17558309, 0.74159059
-0.04507887, -0.07081138, -0.12370129
0.0, -0.49998474, -0.86602372
0.03423849, 0.82124349
0.04455186, -0.07081138, -0.12370129
0.0, -0.49998474, -0.86602372
0.17558309, 0.82124349
-0.04507887, 0.00030391, -0.14275698
0.0, 0.0, -1.0
0.03423849, 0.9008967
0.04455186, 0.00030391, -0.14275698
0.0, 0.0, -1.0
0.17558309, 0.9008967
-0.04507887, 0.07141921, -0.12370129
0.0, 0.25879696, -0.96591085
0.03423849, 0.9805496
0.04455186, 0.07141921, -0.12370129
0.0, 0.25879696, -0.96591085
0.17558309, 0.9805496
0.04455186, 0.07141921, -0.12370129
0.0, 0.70708334, -0.70708334
0.17558309, 0.02471304
-0.04507887, 0.1234788, -0.07164168
0.0, 0.86602372, -0.49998474
0.03423855, 0.10436618
0.04455186, 0.1234788, -0.07164168
0.0, 0.86602372, -0.49998474
0.1755832, 0.10436618
-0.04507887, 0.07141921, -0.12370129
0.0, 0.70708334, -0.70708334
0.03423855, 0.02471304
0.04455186, 0.1234788, 0.07058891
1.0, 0.0, 0.0
0.3165682, 0.48413593
0.04455186, 0.00030391, -0.00052639
1.0, 0.0, 0.0
0.38662371, 0.6054756
0.04455186, 0.14253451, -0.00052639
1.0, 0.0, 0.0
0.38662371, 0.46536458
0.04455186, 0.07141921, 0.1226485
1.0, 0.0, 0.0
0.265284, 0.53542009
0.04455186, 0.00030391, 0.1417042
1.0, 0.0, 0.0
0.2465127, 0.6054756
0.04455186, -0.07081138, 0.1226485
1.0, 0.0, 0.0
0.265284, 0.67553109
0.04455186, -0.12287098, 0.07058891
0.99996948, 0.0, 0.0
0.3165682, 0.72681531
0.04455186, -0.14192668, -0.00052639
1.0, 0.0, 0.0
0.38662371, 0.7455866
0.04455186, -0.12287098, -0.07164168
1.0, 0.0, 0.0
0.4566792, 0.72681531
0.04455186, -0.07081138, -0.12370129
0.99996948, 0.0, 0.0
0.50796342, 0.67553109
0.04455186, 0.00030391, -0.14275698
1.0, 0.0, 0.0
0.52673471, 0.6054756
0.04455186, 0.07141921, -0.12370129
0.99996948, 0.0, 0.0
0.50796342, 0.53542009
0.04455186, 0.1234788, -0.07164168
1.0, 0.0, 0.0
0.45667931, 0.48413599
-0.04507887, 0.14253451, -0.00052639
-1.0, 0.0, 0.0
0.38662371, 0.46536458
-0.04507887, 0.00030391, -0.00052639
-1.0, 0.0, 0.0
0.38662371, 0.6054756
-0.04507887, 0.1234788, 0.07058891
-1.0, 0.0, 0.0
0.3165682, 0.48413593
-0.04507887, 0.07141921, 0.1226485
-1.0, 0.0, 0.0
0.265284, 0.53542009
-0.04507887, 0.00030391, 0.1417042
-1.0, 0.0, 0.0
0.2465127, 0.6054756
-0.04507887, -0.07081138, 0.1226485
-1.0, 0.0, 0.0
0.265284, 0.67553109
-0.04507887, -0.12287098, 0.07058891
-0.99996948, 0.0, 0.0
0.3165682, 0.72681531
-0.04507887, -0.14192668, -0.00052639
-1.0, 0.0, 0.0
0.38662371, 0.7455866
-0.04507887, -0.12287098, -0.07164168
-1.0, 0.0, 0.0
0.4566792, 0.72681531
-0.04507887, -0.07081138, -0.12370129
-0.99996948, 0.0, 0.0
0.50796342, 0.67553109
-0.04507887, 0.00030391, -0.14275698
-1.0, 0.0, 0.0
0.52673471, 0.6054756
-0.04507887, 0.07141921, -0.12370129
-0.99996948, 0.0, 0.0
0.50796342, 0.53542009
-0.04507887, 0.1234788, -0.07164168
-1.0, 0.0, 0.0
0.45667931, 0.48413599
# Number of Faces:
48
# Face Data:
0, 1, 2
1, 0, 3
2, 4, 5
4, 2, 1
5, 6, 7
6, 5, 4
7, 8, 9
8, 7, 6
9, 10, 11
10, 9, 8
11, 12, 13
12, 11, 10
13, 14, 15
14, 13, 12
15, 16, 17
16, 15, 14
17, 18, 19
18, 17, 16
19, 20, 21
20, 19, 18
22, 23, 24
23, 22, 25
24, 3, 0
3, 24, 23
26, 27, 28
29, 27, 26
30, 27, 29
31, 27, 30
32, 27, 31
33, 27, 32
34, 27, 33
35, 27, 34
36, 27, 35
37, 27, 36
38, 27, 37
28, 27, 38
39, 40, 41
41, 40, 42
42, 40, 43
43, 40, 44
44, 40, 45
45, 40, 46
46, 40, 47
47, 40, 48
48, 40, 49
49, 40, 50
50, 40, 51
51, 40, 39
