# Project Zomboid Skinned Mesh
# File Version:
1.0
# Model Name:
Vehicle_Wheel03
# Vertex Stride Element Count:
3
# Vertex Stride Size (in bytes):
76
# Vertex Stride Data:
# (Int)    Offset
# (String) Type
0
VertexArray
12
NormalArray
24
TextureCoordArray
# Vertex Count:
149
# Vertex Buffer:
0.060872, 0.158034, 0.0
0.0, 1.0, 0.0
0.0252548, 0.82703011
-0.06139901, 0.136861, 0.079017
0.0, 0.86602372, 0.49998474
0.17315847, 0.74685866
0.060872, 0.136861, 0.079017
0.0, 0.86602372, 0.49998474
0.02525483, 0.7468586
-0.06139901, 0.158034, 0.0
0.0, 1.0, 0.0
0.17315841, 0.82703014
-0.06139901, 0.079017, 0.136861
0.0, 0.49998474, 0.86602372
0.17315854, 0.66668785
0.060872, 0.079017, 0.136861
0.0, 0.49998474, 0.86602372
0.02525487, 0.66668785
-0.06139901, 0.0, 0.158034
0.0, 0.0, 1.0
0.17315854, 0.58651638
0.060872, 0.0, 0.158034
0.0, 0.0, 1.0
0.02525491, 0.58651635
-0.06139901, -0.079017, 0.136861
0.0, -0.49998474, 0.86602372
0.1731586, 0.50634488
0.060872, -0.079017, 0.136861
0.0, -0.49998474, 0.86602372
0.02525498, 0.5063448
-0.06139901, -0.136861, 0.079017
0.0, -0.86602372, 0.49998474
0.17315869, 0.42617404
0.060872, -0.136861, 0.079017
0.0, -0.86602372, 0.49998474
0.02525502, 0.42617399
-0.06139901, -0.158034, 0.0
0.0, -1.0, 0.0
0.17315869, 0.34600246
0.060872, -0.158034, 0.0
0.0, -1.0, 0.0
0.02525505, 0.34600246
-0.06139901, -0.136861, -0.079017
0.0, -0.86602372, -0.49998474
0.17315869, 0.26583099
0.060872, -0.136861, -0.079017
0.0, -0.86602372, -0.49998474
0.02525509, 0.26583093
-0.06139901, -0.079017, -0.136861
0.0, -0.49998474, -0.86602372
0.17315876, 0.18566018
0.060872, -0.079017, -0.136861
0.0, -0.49998474, -0.86602372
0.02525513, 0.18566018
-0.06139901, 0.0, -0.158034
0.0, 0.0, -1.0
0.17315876, 0.1054886
0.060872, 0.0, -0.158034
0.0, 0.0, -1.0
0.02525513, 0.1054886
-0.06139901, 0.079017, -0.136861
0.0, 0.25879696, -0.96591085
0.17315876, 0.02531713
0.060872, 0.079017, -0.136861
0.0, 0.25879696, -0.96591085
0.02525513, 0.02531713
0.060872, 0.079017, -0.136861
0.0, 0.70708334, -0.70708334
0.02525469, 0.9873724
-0.06139901, 0.136861, -0.079017
0.0, 0.86602372, -0.49998474
0.17315841, 0.90720168
0.060872, 0.136861, -0.079017
0.0, 0.86602372, -0.49998474
0.02525477, 0.90720168
-0.06139901, 0.079017, -0.136861
0.0, 0.70708334, -0.70708334
0.17315835, 0.9873724
0.06392878, 0.01539686, 0.00888941
0.74761194, 0.5751518, 0.33204138
0.4008114, 0.59877431
0.06392878, 0.0, 0.0
1.0, 0.0, 0.0
0.382763, 0.60918638
0.06392878, 0.01777883, 0.0
0.74761194, 0.66411328, 0.0
0.40361711, 0.60919496
0.06392878, 0.00888941, 0.01539686
0.74761194, 0.33204138, 0.5751518
0.39318901, 0.59113961
0.06392878, 0.0, 0.01777883
0.74761194, 0.0, 0.66411328
0.38276669, 0.58833906
0.06392878, -0.00888941, 0.01539686
0.74761194, -0.33204138, 0.5751518
0.37234473, 0.59113061
0.06392878, -0.01539686, 0.00888941
0.74761194, -0.5751518, 0.33204138
0.36470008, 0.59874955
0.06392878, -0.01777883, 0.0
0.74761194, -0.66411328, 0.0
0.36189947, 0.60918447
0.06392878, -0.01539686, -0.00888941
0.74761194, -0.5751518, -0.33204138
0.36471492, 0.61960819
0.06392878, -0.00888941, -0.01539686
0.74761194, -0.33204138, -0.5751518
0.3723442, 0.62723795
0.06392878, 0.0, -0.01777883
0.74761194, 0.0, -0.66411328
0.38276646, 0.63003215
0.06392878, 0.00888941, -0.01539686
0.74761194, 0.33204138, -0.5751518
0.39318505, 0.62723178
0.06392878, 0.01539686, -0.00888941
0.74761194, 0.5751518, -0.33204138
0.40081796, 0.61961332
-0.06445578, 0.00888941, 0.01539686
-0.74785608, 0.33191931, 0.57487714
0.39328599, 0.59116358
-0.06445578, 0.01539686, 0.00888941
-0.74785608, 0.57487714, 0.33191931
0.4009434, 0.59880906
-0.06445578, 0.0, 0.0
-1.0, 0.0, 0.0
0.38283661, 0.60927391
-0.06445578, -0.00888941, 0.01539686
-0.74785608, -0.33191931, 0.57487714
0.3723866, 0.5911749
-0.06445578, 0.0, 0.01777883
-0.74785608, 0.0, 0.66383862
0.38283393, 0.58836231
-0.06445578, -0.01539686, 0.00888941
-0.74785608, -0.57487714, 0.33191931
0.36473328, 0.59881768
-0.06445578, 0.0, -0.01777883
-0.74785608, 0.0, -0.66383862
0.38277546, 0.63024572
-0.06445578, -0.00888941, -0.01539686
-0.74785608, -0.33191931, -0.57487714
0.37235016, 0.62740102
-0.06445578, 0.00888941, -0.01539686
-0.74785608, 0.33191931, -0.57487714
0.39326158, 0.62731588
-0.06445578, -0.01777883, 0.0
-0.74785608, -0.66383862, 0.0
0.36192703, 0.60926735
-0.06445578, 0.01777883, 0.0
-0.74785608, 0.66383862, 0.0
0.40377596, 0.60925266
-0.06445578, -0.01539686, -0.00888941
-0.74785608, -0.57487714, -0.33191931
0.36472118, 0.61972553
-0.06445578, 0.01539686, -0.00888941
-0.74785608, 0.57487714, -0.33191931
0.40102714, 0.61970448
0.06392878, 0.09520561, 0.0
0.98452711, -0.17514573, 0.0
0.49241927, 0.60917127
0.060872, 0.136861, -0.079017
0.99880975, 0.0420545, -0.02429273
0.53899401, 0.70012027
0.060872, 0.158034, 0.0
0.99880975, 0.04858547, 0.0
0.56396037, 0.60937849
0.06392878, 0.0824502, -0.04760281
0.98452711, -0.151677, 0.08755761
0.477561, 0.66386759
0.060872, 0.079017, -0.136861
0.99880975, 0.02429273, -0.0420545
0.47277728, 0.76569363
0.06392878, 0.0, -0.09520561
0.98452711, 0.0, 0.17514573
0.38283071, 0.718797
0.060872, 0.0, -0.158034
0.99880975, 0.0, -0.04858547
0.38262969, 0.79030143
0.060872, -0.079017, -0.136861
0.99880975, -0.02429273, -0.0420545
0.2920123, 0.76542269
0.06392878, -0.04760281, -0.0824502
0.98452711, 0.08755761, 0.151677
0.32827696, 0.70402217
0.060872, -0.136861, -0.079017
0.99880975, -0.0420545, -0.02429273
0.22634882, 0.69947335
0.06392878, -0.09520561, 0.0
0.98452711, 0.17514573, 0.0
0.27330378, 0.60909721
0.060872, -0.158034, 0.0
0.99880975, -0.04858547, 0.0
0.20151353, 0.60896716
0.060872, -0.136861, 0.079017
0.99880975, -0.0420545, 0.02429273
0.22669084, 0.51796088
0.06392878, -0.0824502, 0.04760281
0.98452711, 0.151677, -0.08755761
0.28787798, 0.55425504
0.060872, -0.079017, 0.136861
0.99880975, -0.02429273, 0.0420545
0.29265124, 0.45281076
0.06392878, 0.0, 0.09520561
0.98452711, 0.0, -0.17514573
0.38276455, 0.49960226
0.060872, 0.0, 0.158034
0.99880975, 0.0, 0.04858547
0.38290092, 0.4279843
0.060872, 0.079017, 0.136861
0.99880975, 0.02429273, 0.0420545
0.47372738, 0.45292979
0.06392878, 0.04760281, 0.0824502
0.98452711, -0.08755761, -0.151677
0.43737781, 0.51438889
0.060872, 0.136861, 0.079017
0.99880975, 0.0420545, 0.02429273
0.53934634, 0.51917332
0.04204351, 0.02052915, 0.01185255
0.91714227, 0.34513381, 0.19925535
0.40849411, 0.59403145
0.04204351, -0.02052915, -0.01185255
0.91714227, -0.34513381, -0.19925535
0.35695115, 0.62432954
0.05887409, -0.07420518, 0.04284253
0.92349011, 0.33216345, -0.19177832
0.29793137, 0.5601936
0.06392878, -0.04760281, 0.0824502
0.98452711, 0.08755761, -0.151677
0.32817638, 0.51430133
0.05887409, 0.08568505, 0.0
0.92349011, -0.38355663, 0.0
0.48082992, 0.60914159
0.04204351, -0.02052915, 0.01185255
0.91714227, -0.34513381, 0.19925535
0.35645998, 0.59458098
0.05887409, 0.0, 0.08568505
0.92349011, 0.0, -0.38355663
0.38274431, 0.51118883
0.05887409, 0.04284253, -0.07420518
0.92349011, -0.19177832, 0.33216345
0.43124396, 0.69381616
0.06392878, 0.04760281, -0.0824502
0.98452711, -0.08755761, 0.151677
0.43727204, 0.70414412
0.04204351, -0.01185255, 0.02052915
0.91714227, -0.19925535, 0.34513381
0.36749613, 0.58334306
0.04204351, 0.02052915, -0.01185255
0.91714227, 0.34513381, -0.19925535
0.40944818, 0.62423098
0.05887409, 0.0, -0.08568505
0.92349011, 0.0, 0.38355663
0.38286152, 0.70724022
0.05887409, 0.04284253, 0.07420518
0.92349011, -0.19177832, -0.33216345
0.43123507, 0.52482551
0.06392878, 0.0824502, 0.04760281
0.98452711, -0.151677, -0.08755761
0.47775713, 0.55461395
0.04204351, 0.01185255, -0.02052915
0.91714227, 0.19925535, -0.34513381
0.39789864, 0.6349228
0.04204351, 0.01185255, 0.02052915
0.91714227, 0.19925535, 0.34513381
0.39779466, 0.58247098
0.05887409, -0.04284253, -0.07420518
0.92349011, 0.19177832, 0.33216345
0.33442262, 0.69358769
0.06392878, -0.0824502, -0.04760281
0.98452711, 0.151677, 0.08755761
0.28794998, 0.66385624
0.04204351, -0.01185255, -0.02052915
0.91714227, -0.19925535, -0.34513381
0.36768427, 0.63588363
0.05887409, -0.08568505, 0.0
0.92349011, 0.38355663, 0.0
0.28515202, 0.60917789
0.05887409, -0.04284253, 0.07420518
0.92349011, 0.19177832, -0.33216345
0.33437762, 0.52481171
0.04204351, 0.0, 0.0237051
0.91714227, 0.0, 0.39854121
0.38257363, 0.57859629
0.05887409, 0.07420518, 0.04284253
0.92349011, -0.33216345, -0.19177832
0.46733496, 0.56072289
0.04204351, 0.0237051, 0.0
0.91714227, 0.39854121, 0.0
0.41330755, 0.60902664
0.05887409, 0.07420518, -0.04284253
0.92349011, -0.33216345, 0.19177832
0.46705195, 0.6576373
0.04204351, 0.0, -0.0237051
0.91714227, 0.0, -0.39854121
0.38290152, 0.63973111
0.05887409, -0.07420518, -0.04284253
0.92349011, 0.33216345, 0.19177832
0.29839882, 0.6577054
0.04204351, -0.0237051, 0.0
0.91714227, -0.39854121, 0.0
0.35207868, 0.60932249
-0.06139901, 0.136861, -0.079017
-0.99880975, 0.0420545, -0.02429273
0.53901774, 0.70010206
-0.06445578, 0.09520561, 0.0
-0.98617512, -0.16559343, 0.0
0.49234191, 0.60929692
-0.06139901, 0.158034, 0.0
-0.99880975, 0.04858547, 0.0
0.56395918, 0.60936204
-0.06139901, 0.079017, -0.136861
-0.99880975, 0.02429273, -0.0420545
0.47281528, 0.76570883
-0.06445578, 0.0824502, -0.04760281
-0.98617512, -0.14340648, 0.08279672
0.4775162, 0.66376194
-0.06445578, 0.0, -0.09520561
-0.98617512, 0.0, 0.16559343
0.38315976, 0.71863499
-0.06445578, 0.04760281, -0.0824502
-0.98617512, -0.08279672, 0.14340648
0.43744898, 0.70402658
-0.06139901, -0.079017, -0.136861
-0.99880975, -0.02429273, -0.0420545
0.29186735, 0.76541376
-0.06139901, 0.0, -0.158034
-0.99880975, 0.0, -0.04858547
0.38260737, 0.79035519
-0.06139901, -0.136861, -0.079017
-0.99880975, -0.0420545, -0.02429273
0.22626063, 0.6992113
-0.06445578, -0.04760281, -0.0824502
-0.98617512, 0.08279672, 0.14340648
0.32761794, 0.704025
-0.06445578, -0.09520561, 0.0
-0.98617512, 0.16559343, 0.0
0.27308041, 0.60894433
-0.06445578, -0.0824502, -0.04760281
-0.98617512, 0.14340648, 0.08279672
0.28742045, 0.66326675
-0.06139901, -0.136861, 0.079017
-0.99880975, -0.0420545, 0.02429273
0.22655569, 0.51826346
-0.06139901, -0.158034, 0.0
-0.99880975, -0.04858547, 0.0
0.20161426, 0.60900345
-0.06139901, -0.079017, 0.136861
-0.99880975, -0.02429273, 0.0420545
0.29275811, 0.45265663
-0.06445578, -0.0824502, 0.04760281
-0.98617512, 0.14340648, -0.08279672
0.28810596, 0.55462328
-0.06445578, 0.0, 0.09520561
-0.98617512, 0.0, -0.16559343
0.38291752, 0.49965471
-0.06445578, -0.04760281, 0.0824502
-0.98617512, 0.08279672, -0.14340648
0.32833126, 0.51427943
-0.06139901, 0.079017, 0.136861
-0.99880975, 0.02429273, 0.0420545
0.47370601, 0.45295173
-0.06139901, 0.0, 0.158034
-0.99880975, 0.0, 0.04858547
0.38296601, 0.42801028
-0.06139901, 0.136861, 0.079017
-0.99880975, 0.0420545, 0.02429273
0.53931278, 0.51915419
-0.06445578, 0.04760281, 0.0824502
-0.98617512, -0.08279672, -0.14340648
0.43747038, 0.51456305
-0.06445578, 0.0824502, 0.04760281
-0.98617512, -0.14340648, -0.08279672
0.47774687, 0.55481881
-0.04263637, 0.02052915, 0.01185255
-0.91799676, 0.34339428, 0.19824824
0.40865564, 0.59429276
-0.04263637, 0.0237051, 0.0
-0.91799676, 0.39652699, 0.0
0.41337249, 0.60934865
-0.04263637, -0.02052915, -0.01185255
-0.91799676, -0.34339428, -0.19824824
0.35697129, 0.62452531
-0.05967774, -0.08568505, 0.0
-0.92794579, 0.37263101, 0.0
0.28442514, 0.6089254
-0.04263637, -0.0237051, 0.0
-0.91799676, -0.39652699, 0.0
0.35224345, 0.60932055
-0.05967774, -0.07420518, 0.04284253
-0.92794579, 0.32270271, -0.18631551
0.29835221, 0.56071091
-0.05967774, 0.08568505, 0.0
-0.92794579, -0.37263101, 0.0
0.48092911, 0.60928953
-0.04263637, -0.02052915, 0.01185255
-0.91799676, -0.34339428, 0.19824824
0.35619116, 0.59412503
-0.05967774, 0.0, 0.08568505
-0.92794579, 0.0, -0.37263101
0.38290903, 0.51112416
-0.05967774, -0.04284253, 0.07420518
-0.92794579, 0.18631551, -0.32270271
0.33432648, 0.52460477
-0.05967774, 0.07420518, -0.04284253
-0.92794579, -0.32270271, 0.18631551
0.46725872, 0.65769312
-0.04263637, -0.01185255, 0.02052915
-0.91799676, -0.19824824, 0.34339428
0.36783999, 0.58345562
-0.04263637, 0.02052915, -0.01185255
-0.91799676, 0.34339428, -0.19824824
0.40947884, 0.62449545
-0.05967774, 0.0, -0.08568505
-0.92794579, 0.0, 0.37263101
0.3833006, 0.70711085
-0.05967774, 0.04284253, -0.07420518
-0.92794579, -0.18631551, 0.32270271
0.43153405, 0.6937066
-0.04263637, 0.0, 0.0237051
-0.91799676, 0.0, 0.39652699
0.38292426, 0.57874477
-0.05967774, 0.07420518, 0.04284253
-0.92794579, -0.32270271, -0.18631551
0.46751314, 0.56075877
-0.05967774, 0.04284253, 0.07420518
-0.92794579, -0.18631551, -0.32270271
0.43132699, 0.52492735
-0.04263637, 0.01185255, -0.02052915
-0.91799676, 0.19824824, -0.34339428
0.3978574, 0.63517103
-0.04263637, 0.01185255, 0.02052915
-0.91799676, 0.19824824, 0.34339428
0.39803258, 0.58267862
-0.04263637, 0.0, -0.0237051
-0.91799676, 0.0, -0.39652699
0.38275662, 0.63998058
-0.05967774, -0.07420518, -0.04284253
-0.92794579, 0.32270271, 0.18631551
0.29752854, 0.65720078
-0.05967774, -0.04284253, -0.07420518
-0.92068237, 0.27594838, 0.27594838
0.33349201, 0.69228581
-0.04263637, -0.01185255, -0.02052915
-0.91799676, -0.19824824, -0.34339428
0.36764169, 0.63602534
-0.05967774, -0.04284253, -0.07420518
-0.92638934, 0.10446486, 0.36173588
0.33437738, 0.69304401
# Number of Faces:
240
# Face Data:
0, 1, 2
1, 0, 3
2, 4, 5
4, 2, 1
5, 6, 7
6, 5, 4
7, 8, 9
8, 7, 6
9, 10, 11
10, 9, 8
11, 12, 13
12, 11, 10
13, 14, 15
14, 13, 12
15, 16, 17
16, 15, 14
17, 18, 19
18, 17, 16
19, 20, 21
20, 19, 18
22, 23, 24
23, 22, 25
24, 3, 0
3, 24, 23
26, 27, 28
29, 27, 26
30, 27, 29
31, 27, 30
32, 27, 31
33, 27, 32
34, 27, 33
35, 27, 34
36, 27, 35
37, 27, 36
38, 27, 37
28, 27, 38
39, 40, 41
42, 43, 41
44, 42, 41
45, 46, 41
47, 45, 41
48, 44, 41
40, 49, 41
43, 39, 41
50, 48, 41
51, 47, 41
49, 51, 41
46, 50, 41
52, 53, 54
55, 56, 53
56, 57, 58
57, 59, 58
60, 61, 59
61, 62, 63
62, 64, 63
65, 66, 64
66, 67, 68
67, 69, 68
70, 71, 69
71, 52, 54
28, 72, 26
73, 35, 34
62, 74, 65
33, 73, 34
74, 75, 65
76, 55, 52
77, 33, 32
75, 78, 67
55, 79, 80
81, 32, 31
78, 70, 67
82, 28, 38
80, 83, 57
30, 81, 31
84, 85, 70
86, 38, 37
83, 60, 57
87, 30, 29
85, 76, 52
36, 86, 37
88, 89, 60
72, 29, 26
90, 36, 35
89, 91, 62
92, 77, 81
92, 93, 78
84, 93, 87
84, 72, 94
94, 95, 76
96, 95, 82
96, 86, 79
79, 97, 83
88, 97, 90
88, 73, 98
98, 99, 91
91, 77, 74
100, 101, 102
103, 104, 100
103, 105, 106
107, 105, 108
109, 110, 107
109, 111, 112
113, 111, 114
115, 116, 113
115, 117, 118
119, 117, 120
121, 122, 119
121, 101, 123
49, 124, 125
46, 126, 50
116, 127, 111
48, 126, 128
118, 129, 116
104, 130, 101
48, 131, 44
118, 132, 133
106, 134, 104
44, 135, 42
122, 132, 117
49, 136, 51
106, 137, 138
43, 135, 139
122, 140, 141
51, 142, 47
110, 137, 105
43, 143, 39
123, 130, 140
45, 142, 144
110, 145, 146
39, 124, 40
45, 147, 46
112, 127, 145
135, 129, 133
139, 133, 132
141, 139, 132
124, 141, 140
125, 140, 130
134, 125, 130
142, 134, 138
144, 138, 137
148, 144, 137
126, 146, 145
128, 145, 127
129, 128, 127
52, 55, 53
55, 80, 56
56, 80, 57
57, 60, 59
60, 89, 61
61, 89, 62
62, 65, 64
65, 75, 66
66, 75, 67
67, 70, 69
70, 85, 71
71, 85, 52
28, 95, 72
73, 90, 35
62, 91, 74
33, 99, 73
74, 92, 75
76, 96, 55
77, 99, 33
75, 92, 78
55, 96, 79
81, 77, 32
78, 84, 70
82, 95, 28
80, 79, 83
30, 93, 81
84, 94, 85
86, 82, 38
83, 88, 60
87, 93, 30
85, 94, 76
36, 97, 86
88, 98, 89
72, 87, 29
90, 97, 36
89, 98, 91
92, 74, 77
92, 81, 93
84, 78, 93
84, 87, 72
94, 72, 95
96, 76, 95
96, 82, 86
79, 86, 97
88, 83, 97
88, 90, 73
98, 73, 99
91, 99, 77
100, 104, 101
103, 106, 104
103, 108, 105
107, 110, 105
109, 112, 110
109, 114, 111
113, 116, 111
115, 118, 116
115, 120, 117
119, 122, 117
121, 123, 122
121, 102, 101
49, 40, 124
46, 147, 126
116, 129, 127
48, 50, 126
118, 133, 129
104, 134, 130
48, 128, 131
118, 117, 132
106, 138, 134
44, 131, 135
122, 141, 132
49, 125, 136
106, 105, 137
43, 42, 135
122, 123, 140
51, 136, 142
110, 148, 137
43, 139, 143
123, 101, 130
45, 47, 142
110, 112, 145
39, 143, 124
45, 144, 147
112, 111, 127
135, 131, 129
139, 135, 133
141, 143, 139
124, 143, 141
125, 124, 140
134, 136, 125
142, 136, 134
144, 142, 138
148, 147, 144
126, 147, 148
128, 126, 145
129, 131, 128
