# Project Zomboid Skinned Mesh
# File Version:
1.0
# Model Name:
Vehicle_Wheel03
# Vertex Stride Element Count:
3
# Vertex Stride Size (in bytes):
76
# Vertex Stride Data:
# (Int)    Offset
# (String) Type
0
VertexArray
12
NormalArray
24
TextureCoordArray
# Vertex Count:
148
# Vertex Buffer:
0.060872, 0.158034, 0.0
0.0, 1.0, 0.0
0.0252548, 0.82703009
-0.06139901, 0.136861, 0.079017
0.0, 0.86602372, 0.49998474
0.17315847, 0.74685866
0.060872, 0.136861, 0.079017
0.0, 0.86602372, 0.49998474
0.02525483, 0.7468586
-0.06139901, 0.158034, 0.0
0.0, 1.0, 0.0
0.17315841, 0.82703015
-0.06139901, 0.079017, 0.136861
0.0, 0.49998474, 0.86602372
0.17315854, 0.66668785
0.060872, 0.079017, 0.136861
0.0, 0.49998474, 0.86602372
0.02525487, 0.66668785
-0.06139901, 0.0, 0.158034
0.0, 0.0, 1.0
0.17315854, 0.58651638
0.060872, 0.0, 0.158034
0.0, 0.0, 1.0
0.02525491, 0.58651635
-0.06139901, -0.079017, 0.136861
0.0, -0.49998474, 0.86602372
0.17315862, 0.50634488
0.060872, -0.079017, 0.136861
0.0, -0.49998474, 0.86602372
0.02525498, 0.5063448
-0.06139901, -0.136861, 0.079017
0.0, -0.86602372, 0.49998474
0.17315869, 0.42617404
0.060872, -0.136861, 0.079017
0.0, -0.86602372, 0.49998474
0.02525502, 0.42617399
-0.06139901, -0.158034, 0.0
0.0, -1.0, 0.0
0.17315869, 0.34600246
0.060872, -0.158034, 0.0
0.0, -1.0, 0.0
0.02525505, 0.34600246
-0.06139901, -0.136861, -0.079017
0.0, -0.86602372, -0.49998474
0.17315869, 0.26583099
0.060872, -0.136861, -0.079017
0.0, -0.86602372, -0.49998474
0.02525509, 0.26583093
-0.06139901, -0.079017, -0.136861
0.0, -0.49998474, -0.86602372
0.17315876, 0.18566018
0.060872, -0.079017, -0.136861
0.0, -0.49998474, -0.86602372
0.02525513, 0.18566018
-0.06139901, 0.0, -0.158034
0.0, 0.0, -1.0
0.17315876, 0.1054886
0.060872, 0.0, -0.158034
0.0, 0.0, -1.0
0.02525513, 0.1054886
-0.06139901, 0.079017, -0.136861
0.0, 0.25879696, -0.96591085
0.17315876, 0.02531713
0.060872, 0.079017, -0.136861
0.0, 0.25879696, -0.96591085
0.02525513, 0.02531713
0.060872, 0.079017, -0.136861
0.0, 0.70708334, -0.70708334
0.02525469, 0.9873724
-0.06139901, 0.136861, -0.079017
0.0, 0.86602372, -0.49998474
0.17315841, 0.90720168
0.060872, 0.136861, -0.079017
0.0, 0.86602372, -0.49998474
0.02525477, 0.90720168
-0.06139901, 0.079017, -0.136861
0.0, 0.70708334, -0.70708334
0.17315835, 0.9873724
0.06087201, 0.03421525, 0.01975425
0.90176094, 0.37427899, 0.21610157
0.42208079, 0.58649623
0.06087201, 0.0, 0.0
1.0, 0.0, 0.0
0.38278669, 0.60918286
0.06087201, 0.0395085, 0.0
0.90176094, 0.43220314, 0.0
0.42815968, 0.60918278
0.06087201, 0.01975425, 0.03421525
0.90176094, 0.21610157, 0.37427899
0.40547317, 0.56988868
0.06087201, 0.0, 0.0395085
0.90176094, 0.0, 0.43220314
0.38278669, 0.56380975
0.06087201, -0.01975425, 0.03421525
0.90176094, -0.21610157, 0.37427899
0.36010021, 0.56988868
0.06087201, -0.03421525, 0.01975425
0.90176094, -0.37427899, 0.21610157
0.34349266, 0.58649623
0.06087201, -0.0395085, 0.0
0.90176094, -0.43220314, 0.0
0.3374137, 0.60918278
0.06087201, -0.03421525, -0.01975425
0.90176094, -0.37427899, -0.21610157
0.34349266, 0.63186926
0.06087201, -0.01975425, -0.03421525
0.90176094, -0.21610157, -0.37427899
0.36010021, 0.64847681
0.06087201, 0.0, -0.0395085
0.90176094, 0.0, -0.43220314
0.38278669, 0.65455574
0.06087201, 0.01975425, -0.03421525
0.90176094, 0.21610157, -0.37427899
0.40547317, 0.64847681
0.06087201, 0.03421525, -0.01975425
0.90176094, 0.37427899, -0.21610157
0.42208079, 0.63186926
-0.06139901, 0.01975425, 0.03421525
-0.90176094, 0.21610157, 0.37427899
0.40547317, 0.56988868
-0.06139901, 0.03421525, 0.01975425
-0.90176094, 0.37427899, 0.21610157
0.42208079, 0.58649623
-0.06139901, 0.0, 0.0
-1.0, 0.0, 0.0
0.38278669, 0.60918286
-0.06139901, -0.01975425, 0.03421525
-0.90176094, -0.21610157, 0.37427899
0.36010021, 0.56988868
-0.06139901, 0.0, 0.0395085
-0.90176094, 0.0, 0.43220314
0.38278669, 0.56380975
-0.06139901, -0.03421525, 0.01975425
-0.90176094, -0.37427899, 0.21610157
0.34349266, 0.58649623
-0.06139901, 0.0, -0.0395085
-0.90176094, 0.0, -0.43220314
0.38278669, 0.65455574
-0.06139901, -0.01975425, -0.03421525
-0.90176094, -0.21610157, -0.37427899
0.36010021, 0.64847681
-0.06139901, 0.01975425, -0.03421525
-0.90176094, 0.21610157, -0.37427899
0.40547317, 0.64847681
-0.06139901, -0.0395085, 0.0
-0.90176094, -0.43220314, 0.0
0.3374137, 0.60918278
-0.06139901, 0.0395085, 0.0
-0.90176094, 0.43220314, 0.0
0.42815968, 0.60918278
-0.06139901, -0.03421525, -0.01975425
-0.90176094, -0.37427899, -0.21610157
0.34349266, 0.63186926
-0.06139901, 0.03421525, -0.01975425
-0.90176094, 0.37427899, -0.21610157
0.42208079, 0.63186926
0.060872, 0.10667295, -0.0
0.88174075, -0.47169408, 0.0
0.50529379, 0.60918278
0.060872, 0.136861, -0.079017
1.0, 0.0, 0.0
0.53899401, 0.70012027
0.060872, 0.158034, 0.0
1.0, 0.0, 0.0
0.56396037, 0.60937849
0.060872, 0.09238117, -0.05333648
0.88174075, -0.40849024, 0.23584704
0.48888054, 0.67043629
0.060872, 0.079017, -0.136861
1.0, 0.0, 0.0
0.47277728, 0.76569363
0.060872, -0.0, -0.10667295
0.88174075, 0.0, 0.47169408
0.38278669, 0.73168981
0.060872, 0.0, -0.158034
1.0, 0.0, 0.0
0.38262969, 0.79030143
0.060872, -0.079017, -0.136861
1.0, 0.0, 0.0
0.2920123, 0.76542269
0.060872, -0.05333648, -0.09238117
0.88174075, 0.23584704, 0.40849024
0.32153314, 0.71527666
0.060872, -0.136861, -0.079017
1.0, 0.0, 0.0
0.22634882, 0.69947335
0.060872, -0.10667295, -0.0
0.88378549, 0.46781823, -0.00476089
0.26027966, 0.60918272
0.060872, -0.158034, 0.0
1.0, 0.0, 0.0
0.20151353, 0.60896716
0.060872, -0.136861, 0.079017
1.0, 0.0, 0.0
0.22669086, 0.51796085
0.060872, -0.09238117, 0.05333648
0.8949858, 0.38627279, -0.22299875
0.27669284, 0.5479292
0.060872, -0.079017, 0.136861
1.0, 0.0, 0.0
0.29265124, 0.45281076
0.060872, -0.0, 0.10667295
0.88174075, 0.0, -0.47169408
0.38278669, 0.48667568
0.060872, 0.0, 0.158034
1.0, 0.0, 0.0
0.38290092, 0.4279843
0.060872, 0.079017, 0.136861
1.0, 0.0, 0.0
0.47372738, 0.45292979
0.060872, 0.05333648, 0.09238117
0.88174075, -0.23584704, -0.40849024
0.44404021, 0.50308886
0.060872, 0.136861, 0.079017
1.0, 0.0, 0.0
0.53934634, 0.51917332
0.03737201, 0.0547444, 0.0316068
0.94604325, 0.28055665, 0.16199225
0.4456571, 0.57288435
0.03737201, -0.0547444, -0.0316068
0.94604325, -0.28055665, -0.16199225
0.31991625, 0.64548111
0.04087201, -0.08314306, 0.04800283
0.77990049, 0.54200876, -0.31293678
0.2873022, 0.55405456
0.060872, -0.05333648, 0.09238117
0.88378549, 0.23804438, -0.40272224
0.32153314, 0.50308886
0.03737201, 0.09600566, -0.0
0.80050051, -0.59929198, 0.0
0.49304304, 0.60918278
0.03737201, -0.0547444, 0.0316068
0.9582507, -0.24759667, 0.1429487
0.31991625, 0.57288435
0.03737201, -0.0, 0.09600566
0.80050051, 0.0, -0.59929198
0.38278669, 0.49892634
0.03737201, 0.04800283, -0.08314306
0.80050051, -0.29963073, 0.51899779
0.43791491, 0.70466724
0.060872, 0.05333648, -0.09238117
0.88174075, -0.23584704, 0.40849024
0.44404021, 0.71527666
0.03737201, -0.0316068, 0.0547444
0.94604325, -0.16199225, 0.28055665
0.34648833, 0.5463123
0.03737201, 0.0547444, -0.0316068
0.94604325, 0.28055665, -0.16199225
0.44565713, 0.64548114
0.03737201, -0.0, -0.09600566
0.80050051, 0.0, 0.59929198
0.38278669, 0.71943912
0.03737201, 0.04800283, 0.08314306
0.80050051, -0.29963073, -0.51899779
0.43791491, 0.51369834
0.060872, 0.09238117, 0.05333648
0.88174075, -0.40849024, -0.23584704
0.48888054, 0.5479292
0.03737201, 0.0316068, -0.0547444
0.94604325, 0.16199225, -0.28055665
0.41908509, 0.67205319
0.03737201, 0.0316068, 0.0547444
0.94604325, 0.16199225, 0.28055665
0.41908509, 0.5463123
0.03737201, -0.04800283, -0.08314306
0.80050051, 0.29963073, 0.51899779
0.32765856, 0.70466724
0.060872, -0.09238117, -0.05333648
0.88174075, 0.40849024, 0.23584704
0.27669284, 0.67043629
0.03737201, -0.0316068, -0.0547444
0.94604325, -0.16199225, -0.28055665
0.34648833, 0.67205319
0.03737201, -0.09600566, -0.0
0.80016482, 0.5995056, -0.01806696
0.27253032, 0.60918278
0.03737201, -0.04800283, 0.08314306
0.80016482, 0.31537828, -0.51014739
0.32765853, 0.51369831
0.03737201, -0.0, 0.0632136
0.94604325, 0.0, 0.3239845
0.38278669, 0.53658596
0.03737201, 0.08314306, 0.04800283
0.80050051, -0.51899779, -0.29963073
0.47827116, 0.55405456
0.03737201, 0.0632136, 0.0
0.94604325, 0.3239845, 0.0
0.45538351, 0.60918278
0.03737201, 0.08314306, -0.04800283
0.80050051, -0.51899779, 0.29963073
0.47827116, 0.66431099
0.03737201, -0.0, -0.0632136
0.94604325, 0.0, -0.3239845
0.38278669, 0.68177953
0.03737201, -0.08314306, -0.04800283
0.80050051, 0.51899779, 0.29963073
0.28730223, 0.66431093
0.03737201, -0.0632136, 0.0
0.94604325, -0.3239845, 0.0
0.31018993, 0.60918278
-0.06139901, 0.136861, -0.079017
-1.0, 0.0, 0.0
0.53901774, 0.70010206
-0.06139901, 0.10667295, -0.0
-0.88174075, -0.47169408, 0.0
0.50529379, 0.60918278
-0.06139901, 0.158034, 0.0
-1.0, 0.0, 0.0
0.56395918, 0.60936204
-0.06139901, 0.079017, -0.136861
-1.0, 0.0, 0.0
0.47281528, 0.76570883
-0.06139901, 0.09238117, -0.05333648
-0.88174075, -0.40849024, 0.23584704
0.48888054, 0.67043629
-0.06139901, -0.0, -0.10667295
-0.88174075, 0.0, 0.47169408
0.38278669, 0.73168981
-0.06139901, 0.05333648, -0.09238117
-0.88174075, -0.23584704, 0.40849024
0.44404021, 0.71527666
-0.06139901, -0.079017, -0.136861
-1.0, 0.0, 0.0
0.29186735, 0.76541376
-0.06139901, 0.0, -0.158034
-1.0, 0.0, 0.0
0.38260737, 0.79035519
-0.06139901, -0.136861, -0.079017
-1.0, 0.0, 0.0
0.22626063, 0.6992113
-0.06139901, -0.05333648, -0.09238117
-0.88174075, 0.23584704, 0.40849024
0.32153314, 0.71527666
-0.06139901, -0.10667295, -0.0
-0.88174075, 0.47169408, 0.0
0.26027966, 0.60918278
-0.06139901, -0.09238117, -0.05333648
-0.88174075, 0.40849024, 0.23584704
0.27669284, 0.67043629
-0.06139901, -0.136861, 0.079017
-1.0, 0.0, 0.0
0.22655569, 0.51826346
-0.06139901, -0.158034, 0.0
-1.0, 0.0, 0.0
0.20161426, 0.60900345
-0.06139901, -0.079017, 0.136861
-1.0, 0.0, 0.0
0.29275811, 0.45265663
-0.06139901, -0.09238117, 0.05333648
-0.88174075, 0.40849024, -0.23584704
0.27669284, 0.5479292
-0.06139901, -0.0, 0.10667295
-0.88174075, 0.0, -0.47169408
0.38278669, 0.48667568
-0.06139901, -0.05333648, 0.09238117
-0.88174075, 0.23584704, -0.40849024
0.32153314, 0.50308886
-0.06139901, 0.079017, 0.136861
-1.0, 0.0, 0.0
0.47370601, 0.45295173
-0.06139901, 0.0, 0.158034
-1.0, 0.0, 0.0
0.38296601, 0.42801028
-0.06139901, 0.136861, 0.079017
-1.0, 0.0, 0.0
0.53931278, 0.51915419
-0.06139901, 0.05333648, 0.09238117
-0.88174075, -0.23584704, -0.40849024
0.44404021, 0.50308886
-0.06139901, 0.09238117, 0.05333648
-0.88174075, -0.40849024, -0.23584704
0.48888054, 0.5479292
-0.037899, 0.0547444, 0.0316068
-0.94604325, 0.28055665, 0.16199225
0.4456571, 0.57288435
-0.037899, 0.0632136, 0.0
-0.94604325, 0.3239845, 0.0
0.45538351, 0.60918278
-0.037899, -0.0547444, -0.0316068
-0.94604325, -0.28055665, -0.16199225
0.31991625, 0.64548111
-0.037899, -0.09600566, -0.0
-0.80050051, 0.59929198, 0.0
0.27253032, 0.60918278
-0.037899, -0.0632136, 0.0
-0.94604325, -0.3239845, 0.0
0.31018993, 0.60918278
-0.037899, -0.08314306, 0.04800283
-0.80050051, 0.51899779, -0.29963073
0.2873022, 0.55405456
-0.037899, 0.09600566, -0.0
-0.80050051, -0.59929198, 0.0
0.49304304, 0.60918278
-0.037899, -0.0547444, 0.0316068
-0.94604325, -0.28055665, 0.16199225
0.31991628, 0.57288435
-0.037899, -0.0, 0.09600566
-0.80050051, 0.0, -0.59929198
0.38278669, 0.49892634
-0.037899, -0.04800283, 0.08314306
-0.80050051, 0.29963073, -0.51899779
0.32765853, 0.51369831
-0.037899, 0.08314306, -0.04800283
-0.80050051, -0.51899779, 0.29963073
0.47827116, 0.66431099
-0.037899, -0.0316068, 0.0547444
-0.94604325, -0.16199225, 0.28055665
0.34648833, 0.5463123
-0.037899, 0.0547444, -0.0316068
-0.94604325, 0.28055665, -0.16199225
0.44565713, 0.64548114
-0.037899, -0.0, -0.09600566
-0.80050051, 0.0, 0.59929198
0.38278669, 0.71943912
-0.037899, 0.04800283, -0.08314306
-0.80050051, -0.29963073, 0.51899779
0.43791491, 0.70466724
-0.037899, -0.0, 0.0632136
-0.94604325, 0.0, 0.3239845
0.38278669, 0.53658596
-0.037899, 0.08314306, 0.04800283
-0.80050051, -0.51899779, -0.29963073
0.47827116, 0.55405456
-0.037899, 0.04800283, 0.08314306
-0.80050051, -0.29963073, -0.51899779
0.43791491, 0.51369834
-0.037899, 0.0316068, -0.0547444
-0.94604325, 0.16199225, -0.28055665
0.41908509, 0.67205319
-0.037899, 0.0316068, 0.0547444
-0.94604325, 0.16199225, 0.28055665
0.41908509, 0.5463123
-0.037899, -0.0, -0.0632136
-0.94604325, 0.0, -0.3239845
0.38278669, 0.68177953
-0.037899, -0.08314306, -0.04800283
-0.80050051, 0.51899779, 0.29963073
0.28730223, 0.66431093
-0.037899, -0.04800283, -0.08314306
-0.80050051, 0.29963073, 0.51899779
0.32765856, 0.70466724
-0.037899, -0.0316068, -0.0547444
-0.94604325, -0.16199225, -0.28055665
0.34648833, 0.67205319
# Number of Faces:
240
# Face Data:
0, 1, 2
1, 0, 3
2, 4, 5
4, 2, 1
5, 6, 7
6, 5, 4
7, 8, 9
8, 7, 6
9, 10, 11
10, 9, 8
11, 12, 13
12, 11, 10
13, 14, 15
14, 13, 12
15, 16, 17
16, 15, 14
17, 18, 19
18, 17, 16
19, 20, 21
20, 19, 18
22, 23, 24
23, 22, 25
24, 3, 0
3, 24, 23
26, 27, 28
29, 27, 26
30, 27, 29
31, 27, 30
32, 27, 31
33, 27, 32
34, 27, 33
35, 27, 34
36, 27, 35
37, 27, 36
38, 27, 37
28, 27, 38
39, 40, 41
42, 43, 41
44, 42, 41
45, 46, 41
47, 45, 41
48, 44, 41
40, 49, 41
43, 39, 41
50, 48, 41
51, 47, 41
49, 51, 41
46, 50, 41
52, 53, 54
55, 56, 53
56, 57, 58
57, 59, 58
60, 61, 59
61, 62, 63
62, 64, 63
65, 66, 64
66, 67, 68
67, 69, 68
70, 71, 69
71, 52, 54
28, 72, 26
73, 35, 34
62, 74, 65
33, 73, 34
74, 75, 65
76, 55, 52
77, 33, 32
75, 78, 67
55, 79, 80
81, 32, 31
78, 70, 67
82, 28, 38
80, 83, 57
30, 81, 31
84, 85, 70
86, 38, 37
83, 60, 57
87, 30, 29
85, 76, 52
36, 86, 37
88, 89, 60
72, 29, 26
90, 36, 35
89, 91, 62
92, 77, 81
92, 93, 78
84, 93, 87
84, 72, 94
94, 95, 76
96, 95, 82
96, 86, 79
79, 97, 83
88, 97, 90
88, 73, 98
98, 99, 91
91, 77, 74
100, 101, 102
103, 104, 100
103, 105, 106
107, 105, 108
109, 110, 107
109, 111, 112
113, 111, 114
115, 116, 113
115, 117, 118
119, 117, 120
121, 122, 119
121, 101, 123
49, 124, 125
46, 126, 50
116, 127, 111
48, 126, 128
118, 129, 116
104, 130, 101
48, 131, 44
118, 132, 133
106, 134, 104
44, 135, 42
122, 132, 117
49, 136, 51
106, 137, 138
43, 135, 139
122, 140, 141
51, 142, 47
110, 137, 105
43, 143, 39
123, 130, 140
45, 142, 144
110, 145, 146
39, 124, 40
45, 147, 46
112, 127, 145
135, 129, 133
139, 133, 132
141, 139, 132
124, 141, 140
125, 140, 130
134, 125, 130
142, 134, 138
144, 138, 137
146, 144, 137
126, 146, 145
128, 145, 127
129, 128, 127
52, 55, 53
55, 80, 56
56, 80, 57
57, 60, 59
60, 89, 61
61, 89, 62
62, 65, 64
65, 75, 66
66, 75, 67
67, 70, 69
70, 85, 71
71, 85, 52
28, 95, 72
73, 90, 35
62, 91, 74
33, 99, 73
74, 92, 75
76, 96, 55
77, 99, 33
75, 92, 78
55, 96, 79
81, 77, 32
78, 84, 70
82, 95, 28
80, 79, 83
30, 93, 81
84, 94, 85
86, 82, 38
83, 88, 60
87, 93, 30
85, 94, 76
36, 97, 86
88, 98, 89
72, 87, 29
90, 97, 36
89, 98, 91
92, 74, 77
92, 81, 93
84, 78, 93
84, 87, 72
94, 72, 95
96, 76, 95
96, 82, 86
79, 86, 97
88, 83, 97
88, 90, 73
98, 73, 99
91, 99, 77
100, 104, 101
103, 106, 104
103, 108, 105
107, 110, 105
109, 112, 110
109, 114, 111
113, 116, 111
115, 118, 116
115, 120, 117
119, 122, 117
121, 123, 122
121, 102, 101
49, 40, 124
46, 147, 126
116, 129, 127
48, 50, 126
118, 133, 129
104, 134, 130
48, 128, 131
118, 117, 132
106, 138, 134
44, 131, 135
122, 141, 132
49, 125, 136
106, 105, 137
43, 42, 135
122, 123, 140
51, 136, 142
110, 146, 137
43, 139, 143
123, 101, 130
45, 47, 142
110, 112, 145
39, 143, 124
45, 144, 147
112, 111, 127
135, 131, 129
139, 135, 133
141, 143, 139
124, 143, 141
125, 124, 140
134, 136, 125
142, 136, 134
144, 142, 138
146, 147, 144
126, 147, 146
128, 126, 145
129, 131, 128
