# Project Zomboid Skinned Mesh
# File Version:
1.0
# Model Name:
Vehicle_Wheel03.001
# Vertex Stride Element Count:
3
# Vertex Stride Size (in bytes):
76
# Vertex Stride Data:
# (Int)    Offset
# (String) Type
0
VertexArray
12
NormalArray
24
TextureCoordArray
# Vertex Count:
262
# Vertex Buffer:
0.06262107, 0.24011372, -0.0
0.0, 1.0, 0.0
0.03126602, 0.8216515
-0.06262109, 0.20794389, 0.12005687
0.0, 0.86602372, 0.49998474
0.1641642, 0.74026707
0.06262107, 0.20794389, 0.12005687
0.0, 0.86602372, 0.49998474
0.03126605, 0.74026701
-0.06262109, 0.24011372, -0.0
0.0, 1.0, 0.0
0.16416416, 0.82165153
-0.06262109, 0.12005688, 0.20794392
0.0, 0.49998474, 0.86602372
0.16416427, 0.65888327
0.06262107, 0.12005688, 0.20794392
0.0, 0.49998474, 0.86602372
0.03126608, 0.65888327
-0.06262109, 1e-08, 0.24011372
0.0, 0.0, 1.0
0.16416427, 0.57749879
0.06262107, 1e-08, 0.24011372
0.0, 0.0, 1.0
0.03126611, 0.57749876
-0.06262109, -0.12005686, 0.20794392
0.0, -0.49998474, 0.86602372
0.16416432, 0.49611425
0.06262107, -0.12005686, 0.20794392
0.0, -0.49998474, 0.86602372
0.03126618, 0.49611419
-0.06262109, -0.20794389, 0.12005687
0.0, -0.86602372, 0.49998474
0.16416441, 0.41473043
0.06262107, -0.20794389, 0.12005687
0.0, -0.86602372, 0.49998474
0.03126621, 0.41473037
-0.06262109, -0.24011372, -0.0
0.0, -1.0, 0.0
0.16416441, 0.33334589
0.06262107, -0.24011372, -0.0
0.0, -1.0, 0.0
0.03126624, 0.33334589
-0.06262109, -0.20794389, -0.12005686
0.0, -0.86602372, -0.49998474
0.16416441, 0.25196141
0.06262107, -0.20794389, -0.12005686
0.0, -0.86602372, -0.49998474
0.03126627, 0.25196135
-0.06262109, -0.12005686, -0.20794389
0.0, -0.49998474, -0.86602372
0.16416447, 0.17057759
0.06262107, -0.12005686, -0.20794389
0.0, -0.49998474, -0.86602372
0.03126632, 0.17057759
-0.06262109, 1e-08, -0.24011372
0.0, 0.0, -1.0
0.16416447, 0.08919305
0.06262107, 1e-08, -0.24011372
0.0, 0.0, -1.0
0.03126632, 0.08919305
-0.06262109, 0.12005688, -0.20794389
0.0, 0.25879696, -0.96591085
0.16416447, 0.00780857
0.06262107, 0.12005688, -0.20794389
0.0, 0.25879696, -0.96591085
0.03126632, 0.00780857
0.06262107, 0.12005688, -0.20794389
0.0, 0.70708334, -0.70708334
0.03126593, 0.98441978
-0.06262109, 0.20794389, -0.12005686
0.0, 0.86602372, -0.49998474
0.16416416, 0.90303607
0.06262107, 0.20794389, -0.12005686
0.0, 0.86602372, -0.49998474
0.03126599, 0.90303607
-0.06262109, 0.12005688, -0.20794389
0.0, 0.70708334, -0.70708334
0.1641641, 0.98441978
0.07355677, 0.01727358, 0.00997294
0.86120182, 0.44013795, 0.2540971
0.38277939, 0.59359825
0.07355677, 1e-08, 0.0
0.99996948, 0.0, 0.0
0.38278997, 0.60920081
0.07355677, 0.01994588, 0.0
0.86120182, 0.50822473, 0.0
0.37497944, 0.59569383
0.07355677, 0.00997295, 0.01727357
0.86120182, 0.2540971, 0.44013795
0.39058208, 0.59568334
0.07355677, 1e-08, 0.01994587
0.86120182, 0.0, 0.50822473
0.38275614, 0.59357867
0.07355677, -0.00997293, 0.01727357
0.85332805, -0.13492233, 0.50358593
0.37495476, 0.59566909
0.07355677, -0.01727356, 0.00997294
0.86120182, -0.44013795, 0.2540971
0.38274279, 0.59356892
0.07355677, -0.00997293, 0.01727357
0.85332805, -0.36863306, 0.36863306
0.37494561, 0.5956744
0.07355677, -0.01994586, 0.0
0.85332805, -0.50358593, 0.13492233
0.3905482, 0.59564418
0.07355677, -0.01727356, -0.00997293
0.86120182, -0.44013795, -0.2540971
0.38275972, 0.59357867
0.07355677, -0.01994586, 0.0
0.85332805, -0.50358593, -0.13492233
0.39056507, 0.59565386
0.07355677, -0.00997293, -0.01727357
0.85332805, -0.36863306, -0.36863306
0.37496245, 0.59568408
0.07355677, 1e-08, -0.01994587
0.86120182, 0.0, -0.50822473
0.38274711, 0.59359816
0.07355677, -0.00997293, -0.01727357
0.85332805, -0.13492233, -0.50358593
0.37494698, 0.59569305
0.07355677, 0.00997295, -0.01727357
0.85332805, 0.13492233, -0.50358593
0.3905496, 0.59568408
0.07355677, 0.01727358, -0.00997293
0.86120182, 0.44013795, -0.2540971
0.38276249, 0.59360802
0.07355677, 0.00997295, -0.01727357
0.85332805, 0.36863306, -0.36863306
0.39056522, 0.59569305
-0.07390088, 0.00997295, 0.01727357
-0.86059147, 0.25461593, 0.44102299
0.39058208, 0.59568334
-0.07390088, 0.01727358, 0.00997294
-0.86059147, 0.44102299, 0.25461593
0.38277939, 0.59359825
-0.07390088, 1e-08, 0.0
-0.99996948, 0.0, 0.0
0.38278997, 0.60920081
-0.07390088, -0.00997293, 0.01727357
-0.85268718, -0.135197, 0.50459301
0.37495476, 0.59566909
-0.07390088, 1e-08, 0.01994587
-0.86059147, 0.0, 0.50926238
0.38275614, 0.59357867
-0.07390088, -0.01727356, 0.00997294
-0.86059147, -0.44102299, 0.25461593
0.38274279, 0.59356892
-0.07390088, -0.00997293, 0.01727357
-0.85268718, -0.36936551, 0.36936551
0.37494561, 0.5956744
-0.07390088, 1e-08, -0.01994587
-0.86059147, 0.0, -0.50926238
0.38274711, 0.59359816
-0.07390088, -0.00997293, -0.01727357
-0.85268718, -0.135197, -0.50459301
0.37494698, 0.59569305
-0.07390088, 0.00997295, -0.01727357
-0.85268718, 0.135197, -0.50459301
0.3905496, 0.59568408
-0.07390088, -0.01994586, 0.0
-0.85268718, -0.50459301, 0.135197
0.3905482, 0.59564418
-0.07390088, 0.01994588, 0.0
-0.86059147, 0.50926238, 0.0
0.37497944, 0.59569383
-0.07390088, -0.01727356, -0.00997293
-0.86059147, -0.44102299, -0.25461593
0.38275972, 0.59357867
-0.07390088, -0.01994586, 0.0
-0.85268718, -0.50459301, -0.135197
0.39056507, 0.59565386
-0.07390088, 0.01727358, -0.00997293
-0.86059147, 0.44102299, -0.25461593
0.38276249, 0.59360802
-0.07390088, 0.00997295, -0.01727357
-0.85268718, 0.36936551, -0.36936551
0.39056522, 0.59569305
-0.07390088, -0.00997293, -0.01727357
-0.85268718, -0.36936551, -0.36936551
0.37496245, 0.59568408
0.06575213, 0.14465354, -0.0
0.96252328, -0.26184881, 0.07016205
0.32612884, 0.51125371
0.06262107, 0.20794389, -0.12005686
0.99945068, 0.02838221, -0.01638844
0.38264573, 0.42138207
0.06262107, 0.24011372, -0.0
0.99942017, 0.03277688, -0.00875881
0.288748, 0.44660968
0.06575213, 0.12527321, -0.07232675
0.96490371, -0.22733238, 0.13126011
0.38269639, 0.49605566
0.06262107, 0.12005688, -0.20794389
0.99945068, 0.01638844, -0.02838221
0.4765766, 0.44648224
0.06575213, 1e-08, -0.14465351
0.96490371, 0.0, 0.26248971
0.38269073, 0.49604559
0.06262107, 1e-08, -0.24011372
0.99945068, 0.0, -0.03277688
0.38264754, 0.42137176
0.06262107, -0.12005686, -0.20794389
0.99942017, -0.00875881, -0.03277688
0.28874749, 0.4465909
0.06575213, -0.07232676, -0.1252732
0.96252328, 0.19168676, 0.19168676
0.32602292, 0.5112958
0.06262107, -0.20794389, -0.12005686
0.99945068, -0.02838221, -0.01638844
0.3824259, 0.42135298
0.06262107, -0.12005686, -0.20794389
0.99942017, -0.02398755, -0.02398755
0.28856105, 0.4466989
0.06575213, -0.14465348, -0.0
0.96490371, 0.26248971, 0.0
0.43917769, 0.51107657
0.06262107, -0.24011372, -0.0
0.99945068, -0.03277688, 0.0
0.47638932, 0.4463349
0.06262107, -0.20794389, 0.12005687
0.99945068, -0.02838221, 0.01638844
0.38240901, 0.42134333
0.06575213, -0.1252732, 0.07232676
0.96490371, 0.22733238, -0.13126011
0.38255376, 0.49601674
0.06262107, -0.12005686, 0.20794392
0.99942017, -0.02398755, 0.02398755
0.28854412, 0.44668919
0.06262107, -0.12005686, 0.20794392
0.99942017, -0.00875881, 0.03277688
0.28884155, 0.44651705
0.06575213, 1e-08, 0.14465351
0.96490371, 0.0, -0.26248971
0.38275614, 0.49602604
0.06262107, 1e-08, 0.24011372
0.99945068, 0.0, 0.03277688
0.38275614, 0.42135227
0.06262107, 0.12005688, 0.20794392
0.99942017, 0.00875881, 0.03277688
0.47667068, 0.44651705
0.06575213, 0.07232676, 0.12527321
0.96490371, -0.13126011, -0.22733238
0.43930072, 0.51116717
0.06262107, 0.20794389, 0.12005687
0.99945068, 0.02838221, 0.01638844
0.38266259, 0.42137229
0.06262107, 0.12005688, 0.20794392
0.99942017, 0.02398755, 0.02398755
0.47659352, 0.44647247
0.06575213, 0.14465354, -0.0
0.96252328, -0.26184881, -0.07016205
0.32614568, 0.51124394
0.06262107, 0.24011372, -0.0
0.99942017, 0.03277688, 0.00875881
0.28876483, 0.44659996
0.05982599, 0.02999637, 0.0
0.92141485, 0.38853115, 0.0
0.3710438, 0.58888787
0.05982599, 0.06927343, 0.03999516
0.99783319, 0.05691702, 0.03286843
0.38274753, 0.54662856
0.05982599, 0.02597753, 0.01499819
0.92141485, 0.3364971, 0.19428083
0.382774, 0.58573624
0.05982599, -0.06927342, -0.03999515
0.99783319, -0.05691702, -0.03286843
0.38266867, 0.54660904
0.05982599, -0.01499818, -0.02597752
0.92141485, -0.19428083, -0.3364971
0.37101832, 0.58888307
0.05982599, -0.02597752, -0.01499818
0.92141485, -0.3364971, -0.19428083
0.38274446, 0.58571669
0.06575213, -0.14465348, -0.0
0.96490371, 0.26248971, 0.0
0.32640237, 0.70732498
0.05413724, -0.11274589, 0.06509409
0.94219792, 0.29010895, -0.16748558
0.38300437, 0.71106935
0.06575213, -0.1252732, 0.07232676
0.96490371, 0.22733238, -0.13126011
0.3830263, 0.72238481
0.05982599, -0.02999637, 0.0
0.92141485, -0.38853115, 0.0
0.39448288, 0.58883759
0.06575213, -0.07232676, 0.12527321
0.96252328, 0.19168676, -0.19168676
0.43957406, 0.70711547
0.05413724, 0.13018818, -0.0
0.94219792, -0.33497116, 0.0
0.43378678, 0.69735217
0.06575213, 0.12527321, -0.07232675
0.96490371, -0.22733238, 0.13126011
0.38288367, 0.72234589
0.06575213, 0.14465354, -0.0
0.96252328, -0.26184881, 0.07016205
0.43945122, 0.70714784
0.05982599, -0.06927342, 0.03999516
0.99783319, -0.05691702, 0.03286843
0.38265181, 0.54659933
0.05982599, -0.02597752, 0.01499819
0.92141485, -0.3364971, 0.19428083
0.38272756, 0.58570698
0.06575213, -0.07232676, 0.12527321
0.96252328, 0.07016205, -0.26184881
0.43940163, 0.70721528
0.05413724, 1e-08, 0.13018817
0.94219792, 0.0, -0.33497116
0.38282391, 0.71105999
0.06575213, 1e-08, 0.14465351
0.96490371, 0.0, -0.26248971
0.38282391, 0.72237551
0.05413724, 0.06509409, -0.11274589
0.94219792, -0.16748558, 0.29010895
0.33194733, 0.69742119
0.06575213, 0.07232676, -0.1252732
0.96490371, -0.13126011, 0.22733238
0.32629621, 0.70722461
0.05982599, -0.03999515, 0.06927341
0.9976806, -0.04809717, 0.04809717
0.35138211, 0.55504301
0.05982599, -0.01499818, 0.02597753
0.92141485, -0.19428083, 0.3364971
0.37100139, 0.58887336
0.06575213, 0.07232676, 0.12527321
0.96490371, -0.13126011, -0.22733238
0.32627934, 0.70723438
0.05982599, 0.06927343, -0.03999515
0.99783319, 0.05691702, -0.03286843
0.38273066, 0.54663831
0.05982599, 0.02597753, -0.01499818
0.92141485, 0.3364971, -0.19428083
0.38275716, 0.58574602
0.05413724, 1e-08, -0.13018817
0.94219792, 0.0, 0.33497116
0.38288277, 0.7110405
0.06575213, 1e-08, -0.14465351
0.96490371, 0.0, 0.26248971
0.38288933, 0.72235596
0.05982599, 1e-08, 0.02999637
0.92141485, 0.0, 0.38853115
0.38275614, 0.58571663
0.05982599, -0.03999515, 0.06927341
0.9976806, -0.01760918, 0.06573687
0.35146987, 0.5549922
0.05413724, 0.06509409, 0.1127459
0.93844414, -0.24423963, -0.24423963
0.33193049, 0.69743094
0.06575213, 0.12527321, 0.07232676
0.96490371, -0.22733238, -0.13126011
0.3828668, 0.72235572
0.05982599, 0.03999516, -0.06927341
0.99783319, 0.03286843, -0.05691702
0.41402233, 0.55500007
0.05982599, 0.01499819, -0.02597752
0.92141485, 0.19428083, -0.3364971
0.39449152, 0.58888167
0.06575213, -0.07232676, -0.1252732
0.96252328, 0.07016205, 0.26184881
0.43945828, 0.70716301
0.05982599, 0.03999516, 0.06927341
0.99783319, 0.03286843, 0.05691702
0.41404238, 0.5549922
0.05982599, 0.01499819, 0.02597753
0.92141485, 0.19428083, 0.3364971
0.39448845, 0.58886039
0.06575213, 0.14465354, -0.0
0.96252328, -0.26184881, -0.07016205
0.43943438, 0.70715761
0.05982599, 1e-08, -0.02999637
0.92141485, 0.0, -0.38853115
0.38274255, 0.58573619
0.05413724, -0.06509408, -0.11274589
0.93844414, 0.24423963, 0.24423963
0.43388042, 0.69731721
0.06575213, -0.1252732, -0.07232675
0.96490371, 0.22733238, 0.13126011
0.3830094, 0.72237509
0.06575213, -0.07232676, -0.1252732
0.96252328, 0.19168676, 0.19168676
0.43955714, 0.70710576
0.05982599, -0.03999515, -0.06927341
0.9976806, -0.01760918, -0.06573687
0.35143855, 0.55502978
0.05413724, -0.13018814, -0.0
0.94219792, 0.33497116, 0.0
0.33204111, 0.69751456
0.05413724, -0.06509408, 0.1127459
0.93844414, 0.24423963, -0.24423963
0.33168274, 0.52107462
0.05413724, -0.06509408, 0.1127459
0.93844414, 0.08938871, -0.33362836
0.33183619, 0.52098584
0.05982599, 1e-08, 0.07999032
0.99783319, 0.0, 0.06573687
0.38275614, 0.54660887
0.05413724, 1e-08, 0.13018817
0.94219792, 0.0, -0.33497116
0.38275614, 0.50734156
0.05413724, 0.06509409, 0.1127459
0.93844414, -0.08938871, -0.33362836
0.43367603, 0.52098584
0.05413724, 0.06509409, 0.1127459
0.93844414, -0.24423963, -0.24423963
0.43364957, 0.52097061
0.05413724, 0.1127459, 0.06509409
0.94219792, -0.29010895, -0.16748558
0.38272086, 0.50736141
0.05982599, 0.07999031, 0.0
0.99783319, 0.06573687, 0.0
0.35146689, 0.55503282
0.05413724, 0.13018818, -0.0
0.94219792, -0.33497116, 0.0
0.33179328, 0.52104938
0.05413724, 0.1127459, -0.06509408
0.94219792, -0.29010895, 0.16748558
0.38270402, 0.50737113
0.05413724, 0.06509409, -0.11274589
0.94219792, -0.16748558, 0.29010895
0.43363273, 0.52098036
0.05982599, 1e-08, -0.07999031
0.99783319, 0.0, -0.06573687
0.38271999, 0.54662839
0.05413724, 1e-08, -0.13018817
0.94219792, 0.0, 0.33497116
0.38269728, 0.50736105
0.05413724, -0.06509408, -0.11274589
0.93844414, 0.08938871, 0.33362836
0.33178523, 0.52103481
0.05413724, -0.06509408, -0.11274589
0.93844414, 0.24423963, 0.24423963
0.33169964, 0.52108434
0.05413724, -0.11274589, -0.06509408
0.94219792, 0.29010895, 0.16748558
0.38259256, 0.50734192
0.05982599, -0.07999031, 0.0
0.99783319, -0.06573687, 0.0
0.41397116, 0.55493146
0.05413724, -0.13018814, -0.0
0.94219792, 0.33497116, 0.0
0.43353894, 0.52088699
0.05413724, -0.11274589, 0.06509409
0.94219792, 0.29010895, -0.16748558
0.38257569, 0.50733221
-0.06262109, 0.20794389, -0.12005686
-0.99945068, 0.02838221, -0.01638844
0.38264573, 0.42138207
-0.06575213, 0.14465354, -0.0
-0.96380502, -0.25742364, 0.06897183
0.32612884, 0.51125371
-0.06262109, 0.24011372, -0.0
-0.99942017, 0.03277688, -0.00875881
0.288748, 0.44660968
-0.06262109, 0.12005688, -0.20794389
-0.99945068, 0.01638844, -0.02838221
0.4765766, 0.44648224
-0.06575213, 0.12527321, -0.07232675
-0.96612448, -0.22348705, 0.12903225
0.38269639, 0.49605566
-0.06575213, 1e-08, -0.14465351
-0.96612448, 0.0, 0.25806451
0.38269073, 0.49604559
-0.06575213, 0.07232676, -0.1252732
-0.96612448, -0.12903225, 0.22348705
0.43927711, 0.51117307
-0.06262109, -0.12005686, -0.20794389
-0.99942017, -0.00875881, -0.03277688
0.28874749, 0.4465909
-0.06262109, 1e-08, -0.24011372
-0.99945068, 0.0, -0.03277688
0.38264754, 0.42137176
-0.06262109, -0.20794389, -0.12005686
-0.99945068, -0.02838221, -0.01638844
0.3824259, 0.42135298
-0.06575213, -0.07232676, -0.1252732
-0.96380502, 0.1884518, 0.1884518
0.32602292, 0.5112958
-0.06262109, -0.12005686, -0.20794389
-0.99942017, -0.02398755, -0.02398755
0.28856105, 0.4466989
-0.06575213, -0.14465348, -0.0
-0.96612448, 0.25806451, 0.0
0.43917769, 0.51107657
-0.06575213, -0.1252732, -0.07232675
-0.96612448, 0.22348705, 0.12903225
0.38257065, 0.49602646
-0.06262109, -0.20794389, 0.12005687
-0.99945068, -0.02838221, 0.01638844
0.38240901, 0.42134333
-0.06262109, -0.24011372, -0.0
-0.99945068, -0.03277688, 0.0
0.47637242, 0.44632518
-0.06262109, -0.12005686, 0.20794392
-0.99942017, -0.02398755, 0.02398755
0.28854412, 0.44668919
-0.06575213, -0.1252732, 0.07232676
-0.96612448, 0.22348705, -0.12903225
0.38255376, 0.49601674
-0.06262109, -0.12005686, 0.20794392
-0.99942017, -0.00875881, 0.03277688
0.28884155, 0.44651705
-0.06575213, 1e-08, 0.14465351
-0.96612448, 0.0, -0.25806451
0.38275614, 0.49602604
-0.06575213, -0.07232676, 0.12527321
-0.96380502, 0.06897183, -0.25742364
0.32617843, 0.51118627
-0.06262109, 0.12005688, 0.20794392
-0.99942017, 0.00875881, 0.03277688
0.47667068, 0.44651705
-0.06262109, 1e-08, 0.24011372
-0.99945068, 0.0, 0.03277688
0.38275614, 0.42135227
-0.06262109, 0.20794389, 0.12005687
-0.99945068, 0.02838221, 0.01638844
0.38266259, 0.42137229
-0.06575213, 0.07232676, 0.12527321
-0.96612448, -0.12903225, -0.22348705
0.43930072, 0.51116717
-0.06262109, 0.12005688, 0.20794392
-0.99942017, 0.02398755, 0.02398755
0.47659352, 0.44647247
-0.06575213, 0.14465354, -0.0
-0.96380502, -0.25742364, -0.06897183
0.32614568, 0.51124394
-0.06575213, 0.12527321, 0.07232676
-0.96612448, -0.22348705, -0.12903225
0.38271326, 0.49604583
-0.06010586, 0.02999637, 0.0
-0.92101812, 0.38944671, 0.0
0.3710438, 0.58888787
-0.06010586, 0.06927343, 0.03999516
-0.99780267, 0.05719168, 0.03302103
0.38274753, 0.54662856
-0.06010586, 0.07999031, 0.0
-0.99780267, 0.06604205, 0.0
0.35146689, 0.55503282
-0.06010586, -0.01499818, -0.02597752
-0.92101812, -0.19470809, -0.33726004
0.37101832, 0.58888307
-0.06010586, -0.06927342, -0.03999515
-0.99780267, -0.05719168, -0.03302103
0.38266867, 0.54660904
-0.06010586, -0.02597752, -0.01499818
-0.92101812, -0.33726004, -0.19470809
0.38274446, 0.58571669
-0.06575213, -0.1252732, 0.07232676
-0.96612448, 0.22348705, -0.12903225
0.3830263, 0.72238481
-0.0543905, -0.13018814, -0.0
-0.94427317, 0.32911161, 0.0
0.33205804, 0.69752425
-0.06575213, -0.14465348, -0.0
-0.96612448, 0.25806451, 0.0
0.32640237, 0.70732498
-0.06010586, -0.02999637, 0.0
-0.92101812, -0.38944671, 0.0
0.39448288, 0.58883759
-0.06010586, -0.07999031, 0.0
-0.99780267, -0.06604205, 0.0
0.41397116, 0.55493146
-0.06575213, -0.07232676, 0.12527321
-0.96380502, 0.1884518, -0.1884518
0.43957406, 0.70711547
-0.0543905, -0.11274589, 0.06509409
-0.94427317, 0.28501236, -0.1645558
0.38300437, 0.71106935
-0.06575213, 0.12527321, -0.07232675
-0.96612448, -0.22348705, 0.12903225
0.38288367, 0.72234589
-0.0543905, 0.13018818, -0.0
-0.94427317, -0.32911161, 0.0
0.43378678, 0.69735217
-0.06575213, 0.14465354, -0.0
-0.96380502, -0.25742364, 0.06897183
0.43945122, 0.70714784
-0.06010586, -0.06927342, 0.03999516
-0.99780267, -0.05719168, 0.03302103
0.38265181, 0.54659933
-0.06010586, -0.02597752, 0.01499819
-0.92101812, -0.33726004, 0.19470809
0.38272756, 0.58570698
-0.06575213, -0.07232676, 0.12527321
-0.96380502, 0.06897183, -0.25742364
0.43940163, 0.70721528
-0.0543905, 1e-08, 0.13018817
-0.94427317, 0.0, -0.32911161
0.38282391, 0.71105999
-0.0543905, -0.06509408, 0.1127459
-0.940611, 0.08783227, -0.32782984
0.43374386, 0.69741571
-0.06575213, 0.07232676, -0.1252732
-0.96612448, -0.12903225, 0.22348705
0.32630295, 0.70722848
-0.0543905, 0.1127459, -0.06509408
-0.94427317, -0.28501236, 0.1645558
0.38287604, 0.71103042
-0.06010586, -0.03999515, 0.06927341
-0.99765009, -0.04834132, 0.04834132
0.35138211, 0.55504301
-0.06010586, -0.01499818, 0.02597753
-0.92101812, -0.19470809, 0.33726004
0.37100139, 0.58887336
-0.06575213, 0.07232676, 0.12527321
-0.96612448, -0.12903225, -0.22348705
0.32627934, 0.70723438
-0.06575213, 1e-08, 0.14465351
-0.96612448, 0.0, -0.25806451
0.38282391, 0.72237551
-0.06010586, 0.06927343, -0.03999515
-0.99780267, 0.05719168, -0.03302103
0.38273066, 0.54663831
-0.06010586, 0.02597753, -0.01499818
-0.92101812, 0.33726004, -0.19470809
0.38275716, 0.58574602
-0.0543905, 1e-08, -0.13018817
-0.94427317, 0.0, 0.32911161
0.38288277, 0.7110405
-0.0543905, 0.06509409, -0.11274589
-0.94427317, -0.1645558, 0.28501236
0.33195502, 0.69742569
-0.06010586, 1e-08, 0.02999637
-0.92101812, 0.0, 0.38944671
0.38275614, 0.58571663
-0.06010586, -0.03999515, 0.06927341
-0.99765009, -0.01767022, 0.06604205
0.35146987, 0.5549922
-0.06010586, 1e-08, 0.07999032
-0.99780267, 0.0, 0.06604205
0.38275614, 0.54660887
-0.0543905, 0.1127459, 0.06509409
-0.94427317, -0.28501236, -0.1645558
0.3828592, 0.71104014
-0.0543905, 0.06509409, 0.1127459
-0.940611, -0.23999757, -0.23999757
0.33193049, 0.69743094
-0.06010586, 0.03999516, -0.06927341
-0.99780267, 0.03302103, -0.05719168
0.41402233, 0.55500007
-0.06010586, 0.01499819, -0.02597752
-0.92101812, 0.19470809, -0.33726004
0.39449152, 0.58888167
-0.06575213, -0.07232676, -0.1252732
-0.96380502, 0.06897183, 0.25742364
0.43945828, 0.70716301
-0.06575213, 1e-08, -0.14465351
-0.96612448, 0.0, 0.25806451
0.38288933, 0.72235596
-0.06010586, 0.03999516, 0.06927341
-0.99780267, 0.03302103, 0.05719168
0.41404238, 0.5549922
-0.06010586, 0.01499819, 0.02597753
-0.92101812, 0.19470809, 0.33726004
0.39448845, 0.58886039
-0.06575213, 0.12527321, 0.07232676
-0.96612448, -0.22348705, -0.12903225
0.3828668, 0.72235572
-0.06010586, 1e-08, -0.02999637
-0.92101812, 0.0, -0.38944671
0.38274255, 0.58573619
-0.06010586, 1e-08, -0.07999031
-0.99780267, 0.0, -0.06604205
0.38271999, 0.54662839
-0.06575213, -0.07232676, -0.1252732
-0.96380502, 0.1884518, 0.1884518
0.43955714, 0.70710576
-0.0543905, -0.11274589, -0.06509408
-0.94427317, 0.28501236, 0.1645558
0.3829875, 0.71105963
-0.0543905, -0.06509408, -0.11274589
-0.940611, 0.23999757, 0.23999757
0.43388042, 0.69731721
-0.06010586, 0.02597753, 0.01499819
-0.92101812, 0.33726004, 0.19470809
0.382774, 0.58573624
-0.06010586, -0.03999515, -0.06927341
-0.99765009, -0.01767022, -0.06604205
0.35143855, 0.55502978
-0.06575213, -0.1252732, -0.07232675
-0.96612448, 0.22348705, 0.12903225
0.3830094, 0.72237509
-0.0543905, -0.11274589, 0.06509409
-0.94427317, 0.28501236, -0.1645558
0.38257569, 0.50733221
-0.0543905, -0.06509408, 0.1127459
-0.940611, 0.23999757, -0.23999757
0.33168274, 0.52107462
-0.0543905, -0.06509408, 0.1127459
-0.940611, 0.08783227, -0.32782984
0.33183619, 0.52098584
-0.0543905, 1e-08, 0.13018817
-0.94427317, 0.0, -0.32911161
0.38275614, 0.50734156
-0.0543905, 0.06509409, 0.1127459
-0.940611, -0.08783227, -0.32782984
0.43367603, 0.52098584
-0.0543905, 0.06509409, 0.1127459
-0.940611, -0.23999757, -0.23999757
0.43364957, 0.52097061
-0.0543905, 0.1127459, 0.06509409
-0.94427317, -0.28501236, -0.1645558
0.38272086, 0.50736141
-0.0543905, 0.13018818, -0.0
-0.94427317, -0.32911161, 0.0
0.33179328, 0.52104938
-0.0543905, 0.1127459, -0.06509408
-0.94427317, -0.28501236, 0.1645558
0.38270402, 0.50737113
-0.0543905, 0.06509409, -0.11274589
-0.94427317, -0.1645558, 0.28501236
0.43362504, 0.52097586
-0.0543905, 1e-08, -0.13018817
-0.94427317, 0.0, 0.32911161
0.38269728, 0.50736105
-0.0543905, -0.06509408, -0.11274589
-0.940611, 0.08783227, 0.32782984
0.33178523, 0.52103481
-0.0543905, -0.06509408, -0.11274589
-0.940611, 0.23999757, 0.23999757
0.33169964, 0.52108434
-0.0543905, -0.11274589, -0.06509408
-0.94427317, 0.28501236, 0.1645558
0.38259256, 0.50734192
-0.0543905, -0.13018814, -0.0
-0.94427317, 0.32911161, 0.0
0.43352202, 0.5208773
0.06575213, 0.07232676, -0.1252732
0.96490371, -0.13126011, 0.22733238
0.43928385, 0.51117694
0.06575213, -0.07232676, -0.1252732
0.96252328, 0.07016205, 0.26184881
0.32612178, 0.51123855
0.06575213, -0.1252732, -0.07232675
0.96490371, 0.22733238, 0.13126011
0.38257065, 0.49602646
0.06575213, -0.07232676, 0.12527321
0.96252328, 0.19168676, -0.19168676
0.326006, 0.51128608
0.06575213, -0.07232676, 0.12527321
0.96252328, 0.07016205, -0.26184881
0.32617843, 0.51118627
0.06575213, 0.12527321, 0.07232676
0.96490371, -0.22733238, -0.13126011
0.38271326, 0.49604583
0.05982599, -0.03999515, -0.06927341
0.9976806, -0.04809717, -0.04809717
0.35139894, 0.5550527
0.05413724, -0.06509408, 0.1127459
0.93844414, 0.24423963, -0.24423963
0.43389732, 0.69732693
0.05413724, 0.1127459, -0.06509408
0.94219792, -0.29010895, 0.16748558
0.38287604, 0.71103042
0.05413724, -0.06509408, 0.1127459
0.93844414, 0.08938871, -0.33362836
0.43374386, 0.69741571
0.05413724, 0.1127459, 0.06509409
0.94219792, -0.29010895, -0.16748558
0.3828592, 0.71104014
0.05413724, -0.06509408, -0.11274589
0.93844414, 0.08938871, 0.33362836
0.43379483, 0.69736674
0.05413724, -0.11274589, -0.06509408
0.94219792, 0.29010895, 0.16748558
0.3829875, 0.71105963
-0.06575213, -0.07232676, -0.1252732
-0.96380502, 0.06897183, 0.25742364
0.32612178, 0.51123855
-0.06575213, -0.07232676, 0.12527321
-0.96380502, 0.1884518, -0.1884518
0.326006, 0.51128608
-0.06262109, 0.24011372, -0.0
-0.99942017, 0.03277688, 0.00875881
0.28876483, 0.44659996
-0.06010586, -0.03999515, -0.06927341
-0.99765009, -0.04834132, -0.04834132
0.35139894, 0.5550527
-0.0543905, -0.06509408, 0.1127459
-0.940611, 0.23999757, -0.23999757
0.43389732, 0.69732693
-0.0543905, -0.06509408, -0.11274589
-0.940611, 0.08783227, 0.32782984
0.43379483, 0.69736674
-0.06575213, 0.14465354, -0.0
-0.96380502, -0.25742364, -0.06897183
0.43943438, 0.70715761
# Number of Faces:
288
# Face Data:
0, 1, 2
1, 0, 3
2, 4, 5
4, 2, 1
5, 6, 7
6, 5, 4
7, 8, 9
8, 7, 6
9, 10, 11
10, 9, 8
11, 12, 13
12, 11, 10
13, 14, 15
14, 13, 12
15, 16, 17
16, 15, 14
17, 18, 19
18, 17, 16
19, 20, 21
20, 19, 18
22, 23, 24
23, 22, 25
24, 3, 0
3, 24, 23
26, 27, 28
29, 27, 26
30, 27, 29
31, 27, 30
32, 27, 33
34, 27, 32
35, 27, 36
37, 27, 35
38, 27, 39
40, 27, 38
41, 27, 42
28, 27, 41
43, 44, 45
46, 47, 45
48, 49, 45
50, 51, 45
52, 50, 45
53, 48, 45
44, 54, 45
47, 43, 45
55, 56, 45
57, 58, 45
54, 57, 45
59, 55, 45
60, 61, 62
63, 64, 61
64, 65, 66
65, 67, 66
68, 69, 70
69, 71, 72
71, 73, 72
74, 75, 73
76, 77, 78
77, 79, 78
80, 81, 82
81, 83, 84
85, 86, 87
88, 89, 90
91, 92, 93
94, 88, 90
92, 95, 93
96, 97, 98
99, 94, 100
101, 102, 103
97, 104, 105
106, 100, 107
102, 108, 103
109, 85, 110
105, 111, 112
113, 114, 107
115, 116, 108
117, 110, 118
111, 119, 112
120, 113, 121
116, 96, 122
123, 117, 118
124, 125, 126
86, 121, 87
127, 123, 89
125, 128, 91
129, 99, 106
130, 131, 132
133, 131, 120
134, 86, 135
135, 136, 137
138, 136, 109
138, 117, 139
139, 140, 141
142, 140, 127
143, 88, 144
144, 145, 146
146, 99, 147
148, 149, 150
151, 152, 148
151, 153, 154
155, 153, 156
157, 158, 159
157, 160, 161
162, 160, 163
164, 165, 162
166, 167, 168
169, 167, 170
171, 172, 173
171, 174, 175
176, 177, 178
179, 180, 181
182, 183, 184
185, 180, 186
187, 188, 182
189, 190, 191
185, 192, 193
194, 195, 196
197, 198, 189
193, 199, 200
201, 195, 202
176, 203, 204
197, 205, 206
207, 208, 209
201, 210, 211
204, 212, 213
214, 205, 215
207, 216, 217
218, 190, 210
219, 212, 220
221, 222, 223
217, 177, 224
219, 225, 179
226, 183, 222
199, 227, 228
209, 229, 230
231, 209, 230
177, 232, 233
178, 233, 234
235, 178, 234
212, 235, 236
220, 236, 237
238, 220, 237
180, 239, 240
186, 240, 241
227, 186, 241
60, 63, 61
63, 242, 64
64, 242, 65
65, 243, 67
68, 244, 69
69, 244, 71
71, 74, 73
74, 245, 75
76, 246, 77
77, 80, 79
80, 247, 81
81, 247, 83
85, 136, 86
88, 248, 89
91, 128, 92
94, 145, 88
92, 249, 95
96, 250, 97
99, 145, 94
101, 251, 102
97, 250, 104
106, 99, 100
102, 115, 108
109, 136, 85
105, 104, 111
113, 131, 114
115, 252, 116
117, 109, 110
111, 253, 119
120, 131, 113
116, 252, 96
123, 140, 117
124, 254, 125
86, 120, 121
127, 140, 123
125, 254, 128
129, 147, 99
130, 114, 131
133, 132, 131
134, 120, 86
135, 86, 136
138, 137, 136
138, 109, 117
139, 117, 140
142, 141, 140
143, 248, 88
144, 88, 145
146, 145, 99
148, 152, 149
151, 154, 152
151, 156, 153
155, 255, 153
157, 161, 158
157, 163, 160
162, 165, 160
164, 256, 165
166, 170, 167
169, 172, 167
171, 175, 172
171, 257, 174
176, 224, 177
179, 258, 180
182, 188, 183
185, 181, 180
187, 259, 188
189, 198, 190
185, 186, 192
194, 202, 195
197, 206, 198
193, 192, 199
201, 211, 195
176, 178, 203
197, 215, 205
207, 200, 208
201, 218, 210
204, 203, 212
214, 260, 205
207, 209, 216
218, 261, 190
219, 213, 212
221, 226, 222
217, 216, 177
219, 220, 225
226, 184, 183
199, 192, 227
209, 208, 229
231, 216, 209
177, 216, 232
178, 177, 233
235, 203, 178
212, 203, 235
220, 212, 236
238, 225, 220
180, 258, 239
186, 180, 240
227, 192, 186
179, 55, 59
204, 54, 176
204, 58, 57
181, 56, 55
217, 47, 207
224, 54, 44
193, 53, 185
213, 50, 52
179, 50, 219
200, 48, 193
200, 47, 46
224, 43, 217
28, 110, 85
41, 118, 110
118, 38, 123
38, 89, 123
89, 35, 90
90, 36, 94
34, 100, 94
32, 107, 100
107, 30, 113
30, 121, 113
29, 87, 121
87, 28, 85
179, 181, 55
204, 57, 54
204, 213, 58
181, 185, 56
217, 43, 47
224, 176, 54
193, 48, 53
213, 219, 50
179, 51, 50
200, 49, 48
200, 207, 47
224, 44, 43
28, 41, 110
41, 42, 118
118, 40, 38
38, 39, 89
89, 37, 35
90, 35, 36
34, 32, 100
32, 33, 107
107, 31, 30
30, 29, 121
29, 26, 87
87, 26, 28
