# Project Zomboid Skinned Mesh
# File Version:
1.0
# Model Name:
Vehicle_Wheel10.001
# Vertex Stride Element Count:
3
# Vertex Stride Size (in bytes):
76
# Vertex Stride Data:
# (Int)    Offset
# (String) Type
0
VertexArray
12
NormalArray
24
TextureCoordArray
# Vertex Count:
148
# Vertex Buffer:
0.06654233, 0.18128322, 0.00078958
0.0, 1.0, 0.0
0.1755832, 0.18401927
-0.06706933, 0.15693428, 0.09165913
0.0, 0.86602372, 0.49998474
0.0342386, 0.26367241
0.06654233, 0.15693428, 0.09165913
0.0, 0.86602372, 0.49998474
0.1755832, 0.26367241
-0.06706933, 0.18128322, 0.00078958
0.0, 1.0, 0.0
0.0342386, 0.18401933
-0.06706933, 0.09041368, 0.15817973
0.0, 0.49998474, 0.86602372
0.03423855, 0.34332538
0.06654233, 0.09041368, 0.15817973
0.0, 0.49998474, 0.86602372
0.1755832, 0.34332538
-0.06706933, -0.00045587, 0.18252867
0.0, 0.0, 1.0
0.03423855, 0.42297852
0.06654233, -0.00045587, 0.18252867
0.0, 0.0, 1.0
0.1755832, 0.42297852
-0.06706933, -0.09132541, 0.15817973
0.0, -0.49998474, 0.86602372
0.03423855, 0.5026314
0.06654233, -0.09132541, 0.15817973
0.0, -0.49998474, 0.86602372
0.1755832, 0.5026314
-0.06706933, -0.157846, 0.09165913
0.0, -0.86602372, 0.49998474
0.03423849, 0.58228454
0.06654233, -0.157846, 0.09165913
0.0, -0.86602372, 0.49998474
0.1755832, 0.5822846
-0.06706933, -0.18219496, 0.00078958
0.0, -1.0, 0.0
0.03423849, 0.66193751
0.06654233, -0.18219496, 0.00078958
0.0, -1.0, 0.0
0.17558308, 0.66193751
-0.06706933, -0.157846, -0.09007996
0.0, -0.86602372, -0.49998474
0.03423849, 0.74159059
0.06654233, -0.157846, -0.09007996
0.0, -0.86602372, -0.49998474
0.17558308, 0.74159059
-0.06706933, -0.09132541, -0.15660056
0.0, -0.49998474, -0.86602372
0.03423849, 0.82124348
0.06654233, -0.09132541, -0.15660056
0.0, -0.49998474, -0.86602372
0.17558308, 0.82124348
-0.06706933, -0.00045587, -0.18094951
0.0, 0.0, -1.0
0.03423849, 0.9008967
0.06654233, -0.00045587, -0.18094951
0.0, 0.0, -1.0
0.17558308, 0.9008967
-0.06706933, 0.09041368, -0.15660056
0.0, 0.25879696, -0.96591085
0.03423849, 0.9805496
0.06654233, 0.09041368, -0.15660056
0.0, 0.25879696, -0.96591085
0.17558309, 0.9805496
0.06654233, 0.09041368, -0.15660056
0.0, 0.70708334, -0.70708334
0.17558309, 0.02471304
-0.06706933, 0.15693428, -0.09007996
0.0, 0.86602372, -0.49998474
0.03423855, 0.10436612
0.06654233, 0.15693428, -0.09007996
0.0, 0.86602372, -0.49998474
0.1755832, 0.10436612
-0.06706933, 0.09041368, -0.15660056
0.0, 0.70708334, -0.70708334
0.03423855, 0.02471304
0.05154233, 0.0270874, 0.01669175
0.88265634, 0.40699485, 0.234962
0.41179389, 0.59250683
0.05154233, -0.00045587, 0.00078958
1.0, 0.0, 0.0
0.38288033, 0.60920015
0.05154233, 0.03134847, 0.00078958
0.88265634, 0.46995452, 0.0
0.41626692, 0.60920015
0.05154233, 0.0154463, 0.02833286
0.88265634, 0.23499252, 0.40699485
0.39957365, 0.58028659
0.05154233, -0.00045587, 0.03259392
0.88265634, 0.0, 0.46995452
0.38288033, 0.57581356
0.05154233, -0.01635804, 0.02833286
0.88265634, -0.234962, 0.40699485
0.36618707, 0.58028659
0.05154233, -0.02799914, 0.01669175
0.88265634, -0.40699485, 0.234962
0.3539668, 0.59250683
0.05154233, -0.03226021, 0.00078958
0.88265634, -0.46995452, 0.0
0.34949374, 0.60920015
0.05154233, -0.02799914, -0.01511259
0.88265634, -0.40699485, -0.234962
0.3539668, 0.62589341
0.05154233, -0.01635804, -0.02675369
0.88265634, -0.234962, -0.40699485
0.36618707, 0.63811368
0.05154233, -0.00045587, -0.03101476
0.88265634, 0.0, -0.46995452
0.38288033, 0.64258671
0.05154233, 0.0154463, -0.02675369
0.88265634, 0.234962, -0.40699485
0.39957365, 0.63811368
0.05154233, 0.0270874, -0.01511259
0.88265634, 0.40699485, -0.234962
0.41179389, 0.62589341
-0.05206933, 0.03134847, 0.00078958
-0.88265634, 0.46995452, 0.0
0.41626692, 0.60920015
-0.05206933, -0.00045587, 0.00078958
-0.99996948, 0.0, 0.0
0.38288033, 0.60920015
-0.05206933, 0.02708741, 0.01669175
-0.88265634, 0.40699485, 0.234962
0.41179389, 0.59250683
-0.05206933, 0.0154463, 0.02833286
-0.88265634, 0.234962, 0.40699485
0.39957365, 0.58028659
-0.05206933, -0.00045587, 0.03259392
-0.88265634, 0.0, 0.46995452
0.38288033, 0.57581356
-0.05206933, -0.01635804, 0.02833286
-0.88265634, -0.234962, 0.40699485
0.36618707, 0.58028659
-0.05206933, -0.02799914, 0.01669175
-0.88265634, -0.40699485, 0.234962
0.3539668, 0.59250683
-0.05206933, -0.03226021, 0.00078958
-0.88265634, -0.46995452, 0.0
0.34949374, 0.60920015
-0.05206933, -0.02799914, -0.01511259
-0.88265634, -0.40699485, -0.234962
0.3539668, 0.62589341
-0.05206933, -0.01635804, -0.02675369
-0.88265634, -0.234962, -0.40699485
0.36618707, 0.63811368
-0.05206933, -0.00045587, -0.03101476
-0.88265634, 0.0, -0.46995452
0.38288033, 0.64258671
-0.05206933, 0.0154463, -0.02675369
-0.88265634, 0.234962, -0.40699485
0.39957365, 0.63811368
-0.05206933, 0.02708741, -0.01511259
-0.88265634, 0.40699485, -0.234962
0.41179389, 0.62589341
-0.06706932, 0.08217396, -0.04691693
-0.81011385, -0.50767541, 0.29309976
0.46962097, 0.65928
-0.03366641, 0.09041367, 0.00078958
-0.70253611, -0.71160007, 0.0
0.47827062, 0.60920015
-0.06706932, 0.09495716, 0.00078958
-0.81011385, -0.58623004, 0.0
0.48304006, 0.60920015
-0.06706932, 0.04725064, -0.08184025
-0.81011385, -0.29309976, 0.50767541
0.43296021, 0.69594073
-0.03366641, 0.0782392, -0.04464519
-0.70253611, -0.61626029, 0.35578477
0.4654904, 0.65689528
-0.03366641, -0.00045587, -0.09007996
-0.70253611, 0.0, 0.71160007
0.38288033, 0.70459038
-0.06706932, -0.00045587, -0.09462344
-0.81011385, 0.0, 0.58623004
0.38288033, 0.70935985
-0.06706932, -0.04816238, -0.08184025
-0.81011385, 0.29309976, 0.50767541
0.33280048, 0.69594073
-0.06706932, -0.08308569, -0.04691693
-0.81011385, 0.50767541, 0.29309976
0.29613975, 0.65928
-0.03366641, -0.04589064, -0.07790549
-0.70253611, 0.35578477, 0.61626029
0.33518523, 0.69181019
-0.03366641, -0.09132542, 0.00078958
-0.70253611, 0.71160007, 0.0
0.2874901, 0.60920015
-0.06706932, -0.09586889, 0.00078958
-0.81011385, 0.58623004, 0.0
0.2827206, 0.60920015
-0.06706932, -0.08308569, 0.04849609
-0.81011385, 0.50767541, -0.29309976
0.29613975, 0.55912024
-0.03366641, -0.04589064, 0.07948466
-0.70253611, 0.35578477, -0.61626029
0.33518523, 0.52659005
-0.06706932, -0.04816238, 0.08341941
-0.81011385, 0.29309976, -0.50767541
0.33280048, 0.52245954
-0.03366641, -0.00045587, 0.09165913
-0.70253611, 0.0, -0.71160007
0.38288033, 0.51380995
-0.06706932, -0.00045587, 0.0962026
-0.81011385, 0.0, -0.58623004
0.38288033, 0.50904039
-0.06706932, 0.04725064, 0.08341941
-0.81011385, -0.29309976, -0.50767541
0.43296021, 0.52245954
-0.06706932, 0.08217396, 0.04849609
-0.81011385, -0.50767541, -0.29309976
0.46962097, 0.55912024
-0.03366641, 0.04497891, 0.07948466
-0.70253611, -0.35578477, -0.61626029
0.43057546, 0.52659005
0.03313941, 0.09041367, 0.00078958
0.70253611, -0.71160007, 0.0
0.47827062, 0.60920015
0.06654233, 0.08217396, -0.04691693
0.81011385, -0.50767541, 0.29309976
0.46962097, 0.65928
0.06654233, 0.09495716, 0.00078958
0.81011385, -0.58623004, 0.0
0.48304006, 0.60920015
0.03313941, 0.0782392, -0.04464519
0.70253611, -0.61626029, 0.35578477
0.4654904, 0.65689528
0.06654233, 0.04725064, -0.08184025
0.81011385, -0.29309976, 0.50767541
0.43296021, 0.69594073
0.03313941, -0.00045587, -0.09007996
0.70253611, 0.0, 0.71160007
0.38288033, 0.70459038
0.06654233, -0.00045587, -0.09462344
0.81011385, 0.0, 0.58623004
0.38288033, 0.70935985
0.06654233, -0.04816238, -0.08184025
0.81011385, 0.29309976, 0.50767541
0.33280048, 0.69594073
0.03313941, -0.07915094, -0.04464519
0.70253611, 0.61626029, 0.35578477
0.30027026, 0.65689528
0.06654233, -0.08308569, -0.04691693
0.81011385, 0.50767541, 0.29309976
0.29613975, 0.65928
0.03313941, -0.09132542, 0.00078958
0.70253611, 0.71160007, 0.0
0.2874901, 0.60920015
0.06654233, -0.09586889, 0.00078958
0.81011385, 0.58623004, 0.0
0.2827206, 0.60920015
0.06654233, -0.08308569, 0.04849609
0.81011385, 0.50767541, -0.29309976
0.29613975, 0.55912024
0.03313941, -0.07915094, 0.04622435
0.70253611, 0.61626029, -0.35578477
0.30027026, 0.56150502
0.06654233, -0.04816238, 0.08341941
0.81011385, 0.29309976, -0.50767541
0.33280048, 0.52245954
0.03313941, -0.00045587, 0.09165913
0.70253611, 0.0, -0.71160007
0.38288033, 0.51380995
0.06654233, -0.00045587, 0.0962026
0.81011385, 0.0, -0.58623004
0.38288033, 0.50904039
0.06654233, 0.04725064, 0.08341941
0.81011385, -0.29309976, -0.50767541
0.43296021, 0.52245954
0.03313941, 0.04497891, 0.07948466
0.70253611, -0.35578477, -0.61626029
0.43057546, 0.52659005
0.06654233, 0.08217396, 0.04849609
0.81011385, -0.50767541, -0.29309976
0.46962097, 0.55912024
-0.03366641, 0.04085904, -0.02306367
-0.93462938, 0.30793175, -0.17777032
0.42625064, 0.63424009
-0.03366641, 0.04725064, 0.00078958
-0.93462938, 0.35557115, 0.0
0.43296021, 0.60920015
-0.03366641, 0.02339739, -0.04052534
-0.93462938, 0.17777032, -0.30793175
0.40792027, 0.65257046
-0.03366641, -0.00045587, -0.04691693
-0.93462938, 0.0, -0.35557115
0.38288033, 0.65928
-0.03366641, -0.02430912, -0.04052534
-0.93462938, -0.17777032, -0.30793175
0.35784042, 0.65257046
-0.03366641, -0.04177078, -0.02306367
-0.93462938, -0.30793175, -0.17777032
0.33951005, 0.63424009
-0.03366641, -0.04816238, 0.00078958
-0.93462938, -0.35557115, 0.0
0.33280048, 0.60920015
-0.03366641, -0.04177078, 0.02464284
-0.93462938, -0.30793175, 0.17777032
0.33951005, 0.58416021
-0.03366641, -0.02430912, 0.04210449
-0.93462938, -0.17777032, 0.30793175
0.35784042, 0.56582984
-0.03366641, -0.00045587, 0.04849609
-0.93462938, 0.0, 0.35557115
0.38288033, 0.55912027
-0.03366641, 0.02339739, 0.04210449
-0.93462938, 0.17777032, 0.30793175
0.40792027, 0.56582984
-0.03366641, 0.04085904, 0.02464284
-0.93462938, 0.30793175, 0.17777032
0.42625064, 0.58416021
0.03313941, 0.04085904, -0.02306367
0.93462938, 0.30793175, -0.17777032
0.42625064, 0.63424009
0.03313941, 0.04725064, 0.00078958
0.93462938, 0.35557115, 0.0
0.43296021, 0.60920015
0.03313941, 0.02339739, -0.04052534
0.93462938, 0.17777032, -0.30793175
0.40792027, 0.65257046
0.03313941, -0.00045587, -0.04691693
0.93462938, 0.0, -0.35557115
0.38288033, 0.65928
0.03313941, -0.02430912, -0.04052534
0.93462938, -0.17777032, -0.30793175
0.35784042, 0.65257046
0.03313941, -0.04177078, -0.02306367
0.93462938, -0.30793175, -0.17777032
0.33951005, 0.63424009
0.03313941, -0.04816238, 0.00078958
0.93462938, -0.35557115, 0.0
0.33280048, 0.60920015
0.03313941, -0.04177078, 0.02464284
0.93462938, -0.30793175, 0.17777032
0.33951005, 0.58416021
0.03313941, -0.02430912, 0.04210449
0.93462938, -0.17777032, 0.30793175
0.35784042, 0.56582984
0.03313941, -0.00045587, 0.04849609
0.93462938, 0.0, 0.35557115
0.38288033, 0.55912027
0.03313941, 0.02339739, 0.04210449
0.93462938, 0.17777032, 0.30793175
0.40792027, 0.56582984
0.03313941, 0.04085904, 0.02464284
0.93462938, 0.30793175, 0.17777032
0.42625064, 0.58416021
0.03313941, 0.0782392, 0.04622436
0.70253611, -0.61626029, -0.35578477
0.4654904, 0.56150502
0.03313941, -0.04589064, 0.07948466
0.70253611, 0.35578477, -0.61626029
0.33518523, 0.52659005
0.03313941, -0.04589064, -0.07790549
0.70253611, 0.35578477, 0.61626029
0.33518523, 0.69181019
0.03313941, 0.04497891, -0.07790549
0.70253611, -0.35578477, 0.61626029
0.43057546, 0.69181019
-0.03366641, 0.0782392, 0.04622435
-0.70253611, -0.61626029, -0.35578477
0.4654904, 0.56150502
-0.03366641, -0.07915094, 0.04622435
-0.70253611, 0.61626029, -0.35578477
0.30027026, 0.56150502
-0.03366641, -0.07915094, -0.04464519
-0.70253611, 0.61626029, 0.35578477
0.30027026, 0.65689528
-0.03366641, 0.04497891, -0.07790549
-0.70253611, -0.35578477, 0.61626029
0.43057546, 0.69181019
0.06654233, 0.15693428, 0.09165913
1.0, 0.0, 0.0
0.54810053, 0.51380995
0.06654233, 0.18128322, 0.00078958
1.0, 0.0, 0.0
0.57366085, 0.60920015
0.06654233, 0.09041368, 0.15817973
0.99996948, 0.0, 0.0
0.47827062, 0.44397992
0.06654233, -0.00045587, 0.18252867
1.0, 0.0, 0.0
0.38288033, 0.41841966
0.06654233, -0.09132541, 0.15817973
1.0, 0.0, 0.0
0.28749013, 0.44397992
0.06654233, -0.157846, 0.09165913
1.0, 0.0, 0.0
0.21766017, 0.51380995
0.06654233, -0.18219496, 0.00078958
1.0, 0.0, 0.0
0.19209987, 0.60920015
0.06654233, -0.157846, -0.09007996
1.0, 0.0, 0.0
0.21766017, 0.70459038
0.06654233, -0.09132541, -0.15660056
1.0, 0.0, 0.0
0.28749013, 0.77442034
0.06654233, -0.00045587, -0.18094951
1.0, 0.0, 0.0
0.38288033, 0.79998061
0.06654233, 0.09041368, -0.15660056
1.0, 0.0, 0.0
0.47827062, 0.77442034
0.06654233, 0.15693428, -0.09007996
1.0, 0.0, 0.0
0.54810053, 0.70459038
-0.06706933, 0.15693428, 0.09165913
-1.0, 0.0, 0.0
0.54810053, 0.51380995
-0.06706933, 0.18128322, 0.00078958
-1.0, 0.0, 0.0
0.57366085, 0.60920015
-0.06706933, 0.09041368, 0.15817973
-1.0, 0.0, 0.0
0.47827062, 0.44397992
-0.06706933, -0.00045587, 0.18252867
-1.0, 0.0, 0.0
0.38288033, 0.41841966
-0.06706933, -0.09132541, 0.15817973
-1.0, 0.0, 0.0
0.28749013, 0.44397992
-0.06706933, -0.157846, 0.09165913
-1.0, 0.0, 0.0
0.21766017, 0.51380995
-0.06706933, -0.18219496, 0.00078958
-1.0, 0.0, 0.0
0.19209987, 0.60920015
-0.06706933, -0.157846, -0.09007996
-1.0, 0.0, 0.0
0.21766017, 0.70459038
-0.06706933, -0.09132541, -0.15660056
-1.0, 0.0, 0.0
0.28749013, 0.77442034
-0.06706933, -0.00045587, -0.18094951
-1.0, 0.0, 0.0
0.38288033, 0.79998061
-0.06706933, 0.09041368, -0.15660056
-0.99996948, 0.0, 0.0
0.47827062, 0.77442034
-0.06706933, 0.15693428, -0.09007996
-1.0, 0.0, 0.0
0.54810053, 0.70459038
# Number of Faces:
240
# Face Data:
0, 1, 2
1, 0, 3
2, 4, 5
4, 2, 1
5, 6, 7
6, 5, 4
7, 8, 9
8, 7, 6
9, 10, 11
10, 9, 8
11, 12, 13
12, 11, 10
13, 14, 15
14, 13, 12
15, 16, 17
16, 15, 14
17, 18, 19
18, 17, 16
19, 20, 21
20, 19, 18
22, 23, 24
23, 22, 25
24, 3, 0
3, 24, 23
26, 27, 28
29, 27, 26
30, 27, 29
31, 27, 30
32, 27, 31
33, 27, 32
34, 27, 33
35, 27, 34
36, 27, 35
37, 27, 36
38, 27, 37
28, 27, 38
39, 40, 41
41, 40, 42
42, 40, 43
43, 40, 44
44, 40, 45
45, 40, 46
46, 40, 47
47, 40, 48
48, 40, 49
49, 40, 50
50, 40, 51
51, 40, 39
52, 53, 54
55, 56, 52
57, 55, 58
59, 57, 58
60, 61, 59
62, 60, 63
64, 62, 63
65, 64, 66
67, 66, 68
69, 67, 68
70, 71, 69
53, 70, 54
72, 73, 74
75, 76, 73
76, 77, 78
77, 79, 78
79, 80, 81
81, 82, 83
82, 84, 83
85, 86, 84
86, 87, 88
87, 89, 88
90, 91, 89
91, 72, 74
92, 39, 93
50, 92, 94
49, 94, 95
96, 49, 95
97, 48, 96
46, 97, 98
99, 46, 98
100, 45, 99
43, 100, 101
102, 43, 101
41, 102, 103
39, 103, 93
28, 104, 105
38, 106, 104
106, 36, 107
36, 108, 107
108, 34, 109
109, 33, 110
33, 111, 110
32, 112, 111
112, 30, 113
30, 114, 113
114, 26, 115
115, 28, 105
116, 105, 72
114, 116, 90
113, 90, 87
117, 113, 87
85, 112, 117
110, 85, 82
80, 110, 82
108, 80, 118
107, 118, 77
119, 107, 77
104, 119, 75
105, 75, 72
93, 120, 53
103, 71, 120
71, 101, 67
101, 65, 67
100, 121, 65
121, 98, 62
98, 122, 62
97, 61, 122
61, 95, 57
95, 123, 57
94, 56, 123
56, 93, 53
124, 74, 125
89, 124, 126
88, 126, 127
128, 88, 127
84, 128, 129
83, 129, 130
131, 83, 130
79, 131, 132
78, 132, 133
134, 78, 133
73, 134, 135
74, 135, 125
54, 136, 137
70, 138, 136
138, 68, 139
68, 140, 139
66, 141, 140
141, 63, 142
63, 143, 142
60, 144, 143
144, 58, 145
58, 146, 145
55, 147, 146
147, 54, 137
52, 56, 53
55, 123, 56
57, 123, 55
59, 61, 57
60, 122, 61
62, 122, 60
64, 121, 62
65, 121, 64
67, 65, 66
69, 71, 67
70, 120, 71
53, 120, 70
72, 75, 73
75, 119, 76
76, 119, 77
77, 118, 79
79, 118, 80
81, 80, 82
82, 85, 84
85, 117, 86
86, 117, 87
87, 90, 89
90, 116, 91
91, 116, 72
92, 51, 39
50, 51, 92
49, 50, 94
96, 48, 49
97, 47, 48
46, 47, 97
99, 45, 46
100, 44, 45
43, 44, 100
102, 42, 43
41, 42, 102
39, 41, 103
28, 38, 104
38, 37, 106
106, 37, 36
36, 35, 108
108, 35, 34
109, 34, 33
33, 32, 111
32, 31, 112
112, 31, 30
30, 29, 114
114, 29, 26
115, 26, 28
116, 115, 105
114, 115, 116
113, 114, 90
117, 112, 113
85, 111, 112
110, 111, 85
80, 109, 110
108, 109, 80
107, 108, 118
119, 106, 107
104, 106, 119
105, 104, 75
93, 103, 120
103, 102, 71
71, 102, 101
101, 100, 65
100, 99, 121
121, 99, 98
98, 97, 122
97, 96, 61
61, 96, 95
95, 94, 123
94, 92, 56
56, 92, 93
124, 91, 74
89, 91, 124
88, 89, 126
128, 86, 88
84, 86, 128
83, 84, 129
131, 81, 83
79, 81, 131
78, 79, 132
134, 76, 78
73, 76, 134
74, 73, 135
54, 70, 136
70, 69, 138
138, 69, 68
68, 66, 140
66, 64, 141
141, 64, 63
63, 60, 143
60, 59, 144
144, 59, 58
58, 55, 146
55, 52, 147
147, 52, 54
