# Project Zomboid Skinned Mesh
# File Version:
1.0
# Model Name:
Vehicle_WheelFRL1
# Vertex Stride Element Count:
3
# Vertex Stride Size (in bytes):
76
# Vertex Stride Data:
# (Int)    Offset
# (String) Type
0
VertexArray
12
NormalArray
24
TextureCoordArray
# Vertex Count:
148
# Vertex Buffer:
0.0631019, 0.17205107, 0.00062275
0.0, 1.0, 0.0
0.1755832, 0.18401927
-0.06365163, 0.14895195, 0.08682806
0.0, 0.86602372, 0.49998474
0.0342386, 0.26367241
0.0631019, 0.14895195, 0.08682806
0.0, 0.86602372, 0.49998474
0.1755832, 0.26367241
-0.06365163, 0.17205107, 0.00062275
0.0, 1.0, 0.0
0.0342386, 0.18401933
-0.06365163, 0.08584578, 0.14993426
0.0, 0.49998474, 0.86602372
0.03423855, 0.34332538
0.0631019, 0.08584578, 0.14993426
0.0, 0.49998474, 0.86602372
0.1755832, 0.34332538
-0.06365163, -0.00035955, 0.1730334
0.0, 0.0, 1.0
0.03423855, 0.42297852
0.0631019, -0.00035955, 0.1730334
0.0, 0.0, 1.0
0.1755832, 0.42297852
-0.06365163, -0.08656487, 0.14993426
0.0, -0.49998474, 0.86602372
0.03423855, 0.5026314
0.0631019, -0.08656487, 0.14993426
0.0, -0.49998474, 0.86602372
0.1755832, 0.5026314
-0.06365163, -0.14967103, 0.08682806
0.0, -0.86602372, 0.49998474
0.03423849, 0.58228454
0.0631019, -0.14967103, 0.08682806
0.0, -0.86602372, 0.49998474
0.1755832, 0.5822846
-0.06365163, -0.17277019, 0.00062275
0.0, -1.0, 0.0
0.03423849, 0.66193751
0.0631019, -0.17277019, 0.00062275
0.0, -1.0, 0.0
0.17558308, 0.66193751
-0.06365163, -0.14967103, -0.08558257
0.0, -0.86602372, -0.49998474
0.03423849, 0.74159059
0.0631019, -0.14967103, -0.08558257
0.0, -0.86602372, -0.49998474
0.17558308, 0.74159059
-0.06365163, -0.08656487, -0.14868873
0.0, -0.49998474, -0.86602372
0.03423849, 0.82124348
0.0631019, -0.08656487, -0.14868873
0.0, -0.49998474, -0.86602372
0.17558308, 0.82124348
-0.06365163, -0.00035955, -0.17178787
0.0, 0.0, -1.0
0.03423849, 0.9008967
0.0631019, -0.00035955, -0.17178787
0.0, 0.0, -1.0
0.17558308, 0.9008967
-0.06365163, 0.08584578, -0.14868873
0.0, 0.25879696, -0.96591085
0.03423849, 0.9805496
0.0631019, 0.08584578, -0.14868873
0.0, 0.25879696, -0.96591085
0.17558309, 0.9805496
0.0631019, 0.08584578, -0.14868873
0.0, 0.70708334, -0.70708334
0.17558309, 0.02471304
-0.06365163, 0.14895195, -0.08558257
0.0, 0.86602372, -0.49998474
0.03423855, 0.10436612
0.0631019, 0.14895195, -0.08558257
0.0, 0.86602372, -0.49998474
0.1755832, 0.10436612
-0.06365163, 0.08584578, -0.14868873
0.0, 0.70708334, -0.70708334
0.03423855, 0.02471304
0.07197465, 0.05137686, 0.03049288
0.9655751, 0.22516556, 0.12997833
0.44129801, 0.57560283
0.07197465, -0.00035955, 0.00062275
0.99996948, 0.0, 0.0
0.38282558, 0.60936198
0.07197465, 0.05938073, 0.00062275
0.9655751, 0.25998718, 0.0
0.45034397, 0.60936198
0.07197465, 0.02951059, 0.05235919
0.9655751, 0.12997833, 0.22516556
0.41658476, 0.55088958
0.07197465, -0.00035955, 0.06036303
0.9655751, 0.0, 0.25998718
0.38282558, 0.54184365
0.07197465, -0.0302297, 0.05235919
0.9655751, -0.13000885, 0.22516556
0.34906644, 0.55088958
0.07197465, -0.05209598, 0.03049288
0.9655751, -0.22516556, 0.12997833
0.32435319, 0.57560283
0.07197465, -0.06009984, 0.00062275
0.9655751, -0.25998718, 0.0
0.31530726, 0.60936198
0.07197465, -0.05209598, -0.02924739
0.9655751, -0.22516556, -0.13000885
0.32435319, 0.64312118
0.07197465, -0.0302297, -0.05111368
0.9655751, -0.13000885, -0.22516556
0.34906644, 0.66783446
0.07197465, -0.00035955, -0.05911753
0.9655751, 0.0, -0.25998718
0.38282558, 0.67688036
0.07197465, 0.02951059, -0.05111368
0.9655751, 0.13000885, -0.22516556
0.41658476, 0.66783446
0.07197465, 0.05137686, -0.02924739
0.9655751, 0.22516556, -0.12997833
0.44129801, 0.64312118
-0.07252437, 0.05938073, 0.00062275
-0.9655751, 0.25998718, 0.0
0.45034397, 0.60936198
-0.07252437, -0.00035955, 0.00062275
-1.0, 0.0, 0.0
0.38282558, 0.60936198
-0.07252437, 0.05137688, 0.03049288
-0.9655751, 0.22516556, 0.12997833
0.44129804, 0.57560283
-0.07252437, 0.02951059, 0.05235919
-0.9655751, 0.12997833, 0.22516556
0.41658476, 0.55088958
-0.07252437, -0.00035955, 0.06036303
-0.9655751, 0.0, 0.25998718
0.38282558, 0.54184365
-0.07252437, -0.0302297, 0.05235919
-0.9655751, -0.13000885, 0.22516556
0.34906644, 0.55088958
-0.07252437, -0.05209598, 0.03049288
-0.9655751, -0.22516556, 0.12997833
0.32435319, 0.57560283
-0.07252437, -0.06009984, 0.00062275
-0.9655751, -0.25998718, 0.0
0.31530726, 0.60936198
-0.07252437, -0.05209598, -0.02924739
-0.9655751, -0.22516556, -0.13000885
0.32435319, 0.64312118
-0.07252437, -0.0302297, -0.05111368
-0.9655751, -0.12997833, -0.22516556
0.34906644, 0.66783446
-0.07252437, -0.00035955, -0.05911753
-0.9655751, 0.0, -0.25998718
0.38282558, 0.67688036
-0.07252437, 0.02951059, -0.05111368
-0.9655751, 0.12997833, -0.22516556
0.41658476, 0.66783446
-0.07252437, 0.05137688, -0.02924739
-0.9655751, 0.22516556, -0.13000885
0.44129804, 0.64312118
-0.06365163, 0.08978726, -0.0514237
-0.99163795, 0.11154515, -0.06439406
0.48470935, 0.66818482
-0.06523603, 0.09877653, 0.00062275
-0.98385572, 0.1788995, 0.0
0.49486905, 0.60936198
-0.06365163, 0.10373336, 0.00062275
-0.99163795, 0.12881863, 0.0
0.50047123, 0.60936198
-0.06365163, 0.0516869, -0.08952406
-0.99163795, 0.06439406, -0.11154515
0.44164839, 0.71124575
-0.06523603, 0.08549456, -0.04894529
-0.98385572, 0.15494247, -0.08944975
0.47985777, 0.6653837
-0.06523603, -0.00035955, -0.09851336
-0.98385572, 0.0, -0.1788995
0.38282558, 0.72140545
-0.06365163, -0.00035955, -0.10347017
-0.99163795, 0.0, -0.12881863
0.38282558, 0.7270076
-0.06365163, -0.05240601, -0.08952406
-0.99163795, -0.06439406, -0.11154515
0.3240028, 0.71124575
-0.06365163, -0.09050635, -0.0514237
-0.99163795, -0.11154515, -0.06439406
0.28094187, 0.66818482
-0.06523603, -0.04992761, -0.08523136
-0.98385572, -0.08944975, -0.15494247
0.32680389, 0.70639417
-0.06523603, -0.09949565, 0.00062275
-0.98385572, -0.1788995, 0.0
0.27078217, 0.60936198
-0.06365163, -0.10445246, 0.00062275
-0.99163795, -0.12881863, 0.0
0.26517999, 0.60936198
-0.06365163, -0.09050635, 0.05266921
-0.99163795, -0.11154515, 0.06439406
0.28094187, 0.5505392
-0.06523603, -0.04992761, 0.08647686
-0.98385572, -0.08944975, 0.15494247
0.32680389, 0.51232982
-0.06365163, -0.05240601, 0.09076957
-0.99163795, -0.06439406, 0.11154515
0.3240028, 0.50747821
-0.06523603, -0.00035955, 0.09975887
-0.98385572, 0.0, 0.1788995
0.38282558, 0.49731857
-0.06365163, -0.00035955, 0.10471565
-0.99163795, 0.0, 0.12881863
0.38282558, 0.49171633
-0.06365163, 0.0516869, 0.09076957
-0.99163795, 0.06439406, 0.11154515
0.44164839, 0.50747821
-0.06365163, 0.08978726, 0.05266921
-0.99163795, 0.11154515, 0.06439406
0.48470935, 0.5505392
-0.06523603, 0.04920853, 0.08647686
-0.98385572, 0.08944975, 0.15494247
0.4388473, 0.51232982
0.06468631, 0.09877653, 0.00062275
0.98385572, 0.1788995, 0.0
0.49486905, 0.60936198
0.0631019, 0.08978726, -0.0514237
0.99163795, 0.11154515, -0.06439406
0.48470935, 0.66818482
0.0631019, 0.10373336, 0.00062275
0.99163795, 0.12881863, 0.0
0.50047123, 0.60936198
0.06468631, 0.08549456, -0.04894529
0.98385572, 0.15494247, -0.08944975
0.47985777, 0.6653837
0.0631019, 0.0516869, -0.08952406
0.99163795, 0.06439406, -0.11154515
0.44164839, 0.71124575
0.06468631, -0.00035955, -0.09851336
0.98385572, 0.0, -0.1788995
0.38282558, 0.72140545
0.0631019, -0.00035955, -0.10347017
0.99163795, 0.0, -0.12881863
0.38282558, 0.7270076
0.0631019, -0.05240601, -0.08952406
0.99163795, -0.06439406, -0.11154515
0.3240028, 0.71124575
0.06468631, -0.08621365, -0.04894529
0.98385572, -0.15494247, -0.08944975
0.28579345, 0.6653837
0.0631019, -0.09050635, -0.0514237
0.99163795, -0.11154515, -0.06439406
0.28094187, 0.66818482
0.06468631, -0.09949565, 0.00062275
0.98385572, -0.1788995, 0.0
0.27078217, 0.60936198
0.0631019, -0.10445246, 0.00062275
0.99163795, -0.12881863, 0.0
0.26517999, 0.60936198
0.0631019, -0.09050635, 0.05266921
0.99163795, -0.11154515, 0.06439406
0.28094187, 0.5505392
0.06468631, -0.08621365, 0.0501908
0.98385572, -0.15494247, 0.08944975
0.28579345, 0.55334032
0.0631019, -0.05240601, 0.09076957
0.99163795, -0.06439406, 0.11154515
0.3240028, 0.50747821
0.06468631, -0.00035955, 0.09975887
0.98385572, 0.0, 0.1788995
0.38282558, 0.49731857
0.0631019, -0.00035955, 0.10471565
0.99163795, 0.0, 0.12881863
0.38282558, 0.49171633
0.0631019, 0.0516869, 0.09076957
0.99163795, 0.06439406, 0.11154515
0.44164839, 0.50747821
0.06468631, 0.04920853, 0.08647686
0.98385572, 0.08944975, 0.15494247
0.4388473, 0.51232982
0.0631019, 0.08978726, 0.05266921
0.99163795, 0.11154515, 0.06439406
0.48470935, 0.5505392
-0.06523603, 0.06431098, -0.03671492
-0.98199409, 0.16357921, -0.09442427
0.45591611, 0.65156102
-0.06523603, 0.07431579, 0.00062275
-0.98199409, 0.18887906, 0.0
0.46722353, 0.60936198
-0.06523603, 0.03697813, -0.06404781
-0.98199409, 0.09442427, -0.16357921
0.4250246, 0.68245256
-0.06523603, -0.00035955, -0.07405259
-0.98199409, 0.0, -0.18887906
0.38282558, 0.69375992
-0.06523603, -0.03769722, -0.06404781
-0.98199409, -0.09442427, -0.16357921
0.3406266, 0.68245256
-0.06523603, -0.06503009, -0.03671492
-0.98199409, -0.16357921, -0.09442427
0.30973509, 0.65156102
-0.06523603, -0.07503491, 0.00062275
-0.98199409, -0.18887906, 0.0
0.29842767, 0.60936198
-0.06523603, -0.06503009, 0.03796044
-0.98199409, -0.16357921, 0.09442427
0.30973509, 0.56716299
-0.06523603, -0.03769722, 0.06529329
-0.98199409, -0.09442427, 0.16357921
0.3406266, 0.53627145
-0.06523603, -0.00035955, 0.0752981
-0.98199409, 0.0, 0.18887906
0.38282558, 0.52496406
-0.06523603, 0.03697813, 0.06529329
-0.98199409, 0.09442427, 0.16357921
0.4250246, 0.53627145
-0.06523603, 0.06431098, 0.03796044
-0.98199409, 0.16357921, 0.09442427
0.45591611, 0.56716299
0.06468631, 0.06431098, -0.03671492
0.98199409, 0.16357921, -0.09442427
0.45591611, 0.65156102
0.06468631, 0.07431579, 0.00062275
0.98199409, 0.18887906, 0.0
0.46722353, 0.60936198
0.06468631, 0.03697813, -0.06404781
0.98199409, 0.09442427, -0.16357921
0.4250246, 0.68245256
0.06468631, -0.00035955, -0.07405259
0.98199409, 0.0, -0.18887906
0.38282558, 0.69375992
0.06468631, -0.03769722, -0.06404781
0.98199409, -0.09442427, -0.16357921
0.3406266, 0.68245256
0.06468631, -0.06503009, -0.03671492
0.98199409, -0.16357921, -0.09442427
0.30973509, 0.65156102
0.06468631, -0.07503491, 0.00062275
0.98199409, -0.18887906, 0.0
0.29842767, 0.60936198
0.06468631, -0.06503009, 0.03796044
0.98199409, -0.16357921, 0.09442427
0.30973509, 0.56716299
0.06468631, -0.03769722, 0.06529329
0.98199409, -0.09442427, 0.16357921
0.3406266, 0.53627145
0.06468631, -0.00035955, 0.0752981
0.98199409, 0.0, 0.18887906
0.38282558, 0.52496406
0.06468631, 0.03697813, 0.06529329
0.98199409, 0.09442427, 0.16357921
0.4250246, 0.53627145
0.06468631, 0.06431098, 0.03796044
0.98199409, 0.16357921, 0.09442427
0.45591611, 0.56716299
0.06468631, 0.08549456, 0.0501908
0.98385572, 0.15494247, 0.08944975
0.47985777, 0.55334026
0.06468631, -0.04992761, 0.08647686
0.98385572, -0.08944975, 0.15494247
0.32680389, 0.51232982
0.06468631, -0.04992761, -0.08523136
0.98385572, -0.08944975, -0.15494247
0.32680389, 0.70639417
0.06468631, 0.04920853, -0.08523136
0.98385572, 0.08944975, -0.15494247
0.4388473, 0.70639417
-0.06523603, 0.08549456, 0.0501908
-0.98385572, 0.15494247, 0.08944975
0.47985777, 0.55334032
-0.06523603, -0.08621365, 0.0501908
-0.98385572, -0.15494247, 0.08944975
0.28579345, 0.55334032
-0.06523603, -0.08621365, -0.04894529
-0.98385572, -0.15494247, -0.08944975
0.28579345, 0.6653837
-0.06523603, 0.04920853, -0.08523136
-0.98385572, 0.08944975, -0.15494247
0.4388473, 0.70639417
0.0631019, 0.14895195, 0.08682806
1.0, 0.0, 0.0
0.55157715, 0.51193285
0.0631019, 0.17205107, 0.00062275
1.0, 0.0, 0.0
0.57768369, 0.60936198
0.0631019, 0.08584578, 0.14993426
0.99996948, 0.0, 0.0
0.48025474, 0.44061047
0.0631019, -0.00035955, 0.1730334
1.0, 0.0, 0.0
0.38282558, 0.41450393
0.0631019, -0.08656487, 0.14993426
0.99996948, 0.0, 0.0
0.28539658, 0.44061047
0.0631019, -0.14967103, 0.08682806
1.0, 0.0, 0.0
0.21407408, 0.51193285
0.0631019, -0.17277019, 0.00062275
1.0, 0.0, 0.0
0.18796746, 0.60936198
0.0631019, -0.14967103, -0.08558257
1.0, 0.0, 0.0
0.21407408, 0.70679104
0.0631019, -0.08656487, -0.14868873
1.0, 0.0, 0.0
0.28539658, 0.77811356
0.0631019, -0.00035955, -0.17178787
1.0, 0.0, 0.0
0.38282558, 0.80422018
0.0631019, 0.08584578, -0.14868873
1.0, 0.0, 0.0
0.48025474, 0.77811356
0.0631019, 0.14895195, -0.08558257
0.99996948, 0.0, 0.0
0.55157715, 0.70679104
-0.06365163, 0.14895195, 0.08682806
-1.0, 0.0, 0.0
0.55157715, 0.51193285
-0.06365163, 0.17205107, 0.00062275
-1.0, 0.0, 0.0
0.57768369, 0.60936198
-0.06365163, 0.08584578, 0.14993426
-0.99996948, 0.0, 0.0
0.48025474, 0.44061047
-0.06365163, -0.00035955, 0.1730334
-1.0, 0.0, 0.0
0.38282558, 0.41450393
-0.06365163, -0.08656487, 0.14993426
-1.0, 0.0, 0.0
0.28539658, 0.44061047
-0.06365163, -0.14967103, 0.08682806
-1.0, 0.0, 0.0
0.21407408, 0.51193285
-0.06365163, -0.17277019, 0.00062275
-1.0, 0.0, 0.0
0.18796746, 0.60936198
-0.06365163, -0.14967103, -0.08558257
-1.0, 0.0, 0.0
0.21407408, 0.70679104
-0.06365163, -0.08656487, -0.14868873
-1.0, 0.0, 0.0
0.28539658, 0.77811356
-0.06365163, -0.00035955, -0.17178787
-1.0, 0.0, 0.0
0.38282558, 0.80422018
-0.06365163, 0.08584578, -0.14868873
-1.0, 0.0, 0.0
0.48025474, 0.77811356
-0.06365163, 0.14895195, -0.08558257
-1.0, 0.0, 0.0
0.55157715, 0.70679104
# Number of Faces:
240
# Face Data:
0, 1, 2
1, 0, 3
2, 4, 5
4, 2, 1
5, 6, 7
6, 5, 4
7, 8, 9
8, 7, 6
9, 10, 11
10, 9, 8
11, 12, 13
12, 11, 10
13, 14, 15
14, 13, 12
15, 16, 17
16, 15, 14
17, 18, 19
18, 17, 16
19, 20, 21
20, 19, 18
22, 23, 24
23, 22, 25
24, 3, 0
3, 24, 23
26, 27, 28
29, 27, 26
30, 27, 29
31, 27, 30
32, 27, 31
33, 27, 32
34, 27, 33
35, 27, 34
36, 27, 35
37, 27, 36
38, 27, 37
28, 27, 38
39, 40, 41
41, 40, 42
42, 40, 43
43, 40, 44
44, 40, 45
45, 40, 46
46, 40, 47
47, 40, 48
48, 40, 49
49, 40, 50
50, 40, 51
51, 40, 39
52, 53, 54
55, 56, 52
57, 55, 58
59, 57, 58
60, 61, 59
62, 60, 63
64, 62, 63
65, 64, 66
67, 66, 68
69, 67, 68
70, 71, 69
53, 70, 54
72, 73, 74
75, 76, 73
76, 77, 78
77, 79, 78
79, 80, 81
81, 82, 83
82, 84, 83
85, 86, 84
86, 87, 88
87, 89, 88
90, 91, 89
91, 72, 74
92, 39, 93
50, 92, 94
49, 94, 95
96, 49, 95
97, 48, 96
46, 97, 98
99, 46, 98
100, 45, 99
43, 100, 101
102, 43, 101
41, 102, 103
39, 103, 93
28, 104, 105
38, 106, 104
106, 36, 107
36, 108, 107
108, 34, 109
109, 33, 110
33, 111, 110
32, 112, 111
112, 30, 113
30, 114, 113
114, 26, 115
115, 28, 105
116, 105, 72
114, 116, 90
113, 90, 87
117, 113, 87
85, 112, 117
110, 85, 82
80, 110, 82
108, 80, 118
107, 118, 77
119, 107, 77
104, 119, 75
105, 75, 72
93, 120, 53
103, 71, 120
71, 101, 67
101, 65, 67
100, 121, 65
121, 98, 62
98, 122, 62
97, 61, 122
61, 95, 57
95, 123, 57
94, 56, 123
56, 93, 53
124, 74, 125
89, 124, 126
88, 126, 127
128, 88, 127
84, 128, 129
83, 129, 130
131, 83, 130
79, 131, 132
78, 132, 133
134, 78, 133
73, 134, 135
74, 135, 125
54, 136, 137
70, 138, 136
138, 68, 139
68, 140, 139
66, 141, 140
141, 63, 142
63, 143, 142
60, 144, 143
144, 58, 145
58, 146, 145
55, 147, 146
147, 54, 137
52, 56, 53
55, 123, 56
57, 123, 55
59, 61, 57
60, 122, 61
62, 122, 60
64, 121, 62
65, 121, 64
67, 65, 66
69, 71, 67
70, 120, 71
53, 120, 70
72, 75, 73
75, 119, 76
76, 119, 77
77, 118, 79
79, 118, 80
81, 80, 82
82, 85, 84
85, 117, 86
86, 117, 87
87, 90, 89
90, 116, 91
91, 116, 72
92, 51, 39
50, 51, 92
49, 50, 94
96, 48, 49
97, 47, 48
46, 47, 97
99, 45, 46
100, 44, 45
43, 44, 100
102, 42, 43
41, 42, 102
39, 41, 103
28, 38, 104
38, 37, 106
106, 37, 36
36, 35, 108
108, 35, 34
109, 34, 33
33, 32, 111
32, 31, 112
112, 31, 30
30, 29, 114
114, 29, 26
115, 26, 28
116, 115, 105
114, 115, 116
113, 114, 90
117, 112, 113
85, 111, 112
110, 111, 85
80, 109, 110
108, 109, 80
107, 108, 118
119, 106, 107
104, 106, 119
105, 104, 75
93, 103, 120
103, 102, 71
71, 102, 101
101, 100, 65
100, 99, 121
121, 99, 98
98, 97, 122
97, 96, 61
61, 96, 95
95, 94, 123
94, 92, 56
56, 92, 93
124, 91, 74
89, 91, 124
88, 89, 126
128, 86, 88
84, 86, 128
83, 84, 129
131, 81, 83
79, 81, 131
78, 79, 132
134, 76, 78
73, 76, 134
74, 73, 135
54, 70, 136
70, 69, 138
138, 69, 68
68, 66, 140
66, 64, 141
141, 64, 63
63, 60, 143
60, 59, 144
144, 59, 58
58, 55, 146
55, 52, 147
147, 52, 54
