# Project Zomboid Skinned Mesh
# File Version:
1.0
# Model Name:
Vehicle_Wheel03.001
# Vertex Stride Element Count:
3
# Vertex Stride Size (in bytes):
76
# Vertex Stride Data:
# (Int)    Offset
# (String) Type
0
VertexArray
12
NormalArray
24
TextureCoordArray
# Vertex Count:
204
# Vertex Buffer:
0.06262107, 0.24011372, -0.0
0.0, 1.0, 0.0
0.03126602, 0.8216515
-0.06262109, 0.20794389, 0.12005687
0.0, 0.86602372, 0.49998474
0.1641642, 0.74026707
0.06262107, 0.20794389, 0.12005687
0.0, 0.86602372, 0.49998474
0.03126605, 0.74026701
-0.06262109, 0.24011372, -0.0
0.0, 1.0, 0.0
0.16416416, 0.82165153
-0.06262109, 0.12005688, 0.20794392
0.0, 0.49998474, 0.86602372
0.16416427, 0.65888327
0.06262107, 0.12005688, 0.20794392
0.0, 0.49998474, 0.86602372
0.03126608, 0.65888327
-0.06262109, 1e-08, 0.24011372
0.0, 0.0, 1.0
0.16416427, 0.57749879
0.06262107, 1e-08, 0.24011372
0.0, 0.0, 1.0
0.03126611, 0.57749876
-0.06262109, -0.12005686, 0.20794392
0.0, -0.49998474, 0.86602372
0.16416432, 0.49611425
0.06262107, -0.12005686, 0.20794392
0.0, -0.49998474, 0.86602372
0.03126618, 0.49611419
-0.06262109, -0.20794389, 0.12005687
0.0, -0.86602372, 0.49998474
0.16416441, 0.41473043
0.06262107, -0.20794389, 0.12005687
0.0, -0.86602372, 0.49998474
0.03126621, 0.41473037
-0.06262109, -0.24011372, -0.0
0.0, -1.0, 0.0
0.16416441, 0.33334589
0.06262107, -0.24011372, -0.0
0.0, -1.0, 0.0
0.03126624, 0.33334589
-0.06262109, -0.20794389, -0.12005686
0.0, -0.86602372, -0.49998474
0.16416441, 0.25196141
0.06262107, -0.20794389, -0.12005686
0.0, -0.86602372, -0.49998474
0.03126627, 0.25196135
-0.06262109, -0.12005686, -0.20794389
0.0, -0.49998474, -0.86602372
0.16416447, 0.17057759
0.06262107, -0.12005686, -0.20794389
0.0, -0.49998474, -0.86602372
0.03126632, 0.17057759
-0.06262109, 1e-08, -0.24011372
0.0, 0.0, -1.0
0.16416447, 0.08919305
0.06262107, 1e-08, -0.24011372
0.0, 0.0, -1.0
0.03126632, 0.08919305
-0.06262109, 0.12005688, -0.20794389
0.0, 0.25879696, -0.96591085
0.16416447, 0.00780857
0.06262107, 0.12005688, -0.20794389
0.0, 0.25879696, -0.96591085
0.03126632, 0.00780857
0.06262107, 0.12005688, -0.20794389
0.0, 0.70708334, -0.70708334
0.03126593, 0.98441978
-0.06262109, 0.20794389, -0.12005686
0.0, 0.86602372, -0.49998474
0.16416416, 0.90303607
0.06262107, 0.20794389, -0.12005686
0.0, 0.86602372, -0.49998474
0.03126599, 0.90303607
-0.06262109, 0.12005688, -0.20794389
0.0, 0.70708334, -0.70708334
0.1641641, 0.98441978
0.08995461, 0.01727358, 0.00997294
0.78939176, 0.53160191, 0.30692464
0.38277939, 0.59359825
0.08995461, 1e-08, -0.0
0.99996948, 0.0, 0.0
0.38278997, 0.60920081
0.08995461, 0.01994588, -0.0
0.78939176, 0.61384928, 0.0
0.37497944, 0.59569383
0.08995461, 0.00997295, 0.01727357
0.78939176, 0.30692464, 0.53160191
0.39058208, 0.59568334
0.08995461, 1e-08, 0.01994587
0.78939176, 0.0, 0.61384928
0.38275614, 0.59357867
0.08995461, -0.00997293, 0.01727357
0.78939176, -0.30692464, 0.53160191
0.37495476, 0.59566909
0.08995461, -0.01727356, 0.00997294
0.78939176, -0.53160191, 0.30692464
0.38274279, 0.59356892
0.08995461, -0.00997293, 0.01727357
0.78939176, -0.30692464, 0.53160191
0.37494561, 0.5956744
0.08995461, -0.01994586, -0.0
0.78939176, -0.61384928, 0.0
0.3905482, 0.59564418
0.08995461, -0.01727356, -0.00997293
0.78939176, -0.53160191, -0.30692464
0.38275972, 0.59357867
0.08995461, -0.01994586, -0.0
0.78939176, -0.61384928, 0.0
0.39056507, 0.59565386
0.08995461, -0.00997293, -0.01727357
0.78939176, -0.30692464, -0.53160191
0.37496245, 0.59568408
0.08995461, 1e-08, -0.01994587
0.78939176, 0.0, -0.61384928
0.38274711, 0.59359816
0.08995461, -0.00997293, -0.01727357
0.78939176, -0.30692464, -0.53160191
0.37494698, 0.59569305
0.08995461, 0.00997295, -0.01727357
0.78939176, 0.30692464, -0.53160191
0.3905496, 0.59568408
0.08995461, 0.01727358, -0.00997293
0.78939176, 0.53160191, -0.30692464
0.38276249, 0.59360802
0.08995461, 0.00997295, -0.01727357
0.78939176, 0.30692464, -0.53160191
0.39056522, 0.59569305
-0.09037542, 0.00997295, 0.01727357
-0.78887296, 0.30726036, 0.53221226
0.39058208, 0.59568334
-0.09037542, 0.01727358, 0.00997294
-0.78887296, 0.53221226, 0.30726036
0.38277939, 0.59359825
-0.09037542, 1e-08, -0.0
-1.0, 0.0, 0.0
0.38278997, 0.60920081
-0.09037542, -0.00997293, 0.01727357
-0.78887296, -0.30726036, 0.53221226
0.37495476, 0.59566909
-0.09037542, 1e-08, 0.01994587
-0.78887296, 0.0, 0.61452073
0.38275614, 0.59357867
-0.09037542, -0.01727356, 0.00997294
-0.78887296, -0.53221226, 0.30726036
0.38274279, 0.59356892
-0.09037542, -0.00997293, 0.01727357
-0.78887296, -0.30726036, 0.53221226
0.37494561, 0.5956744
-0.09037542, 1e-08, -0.01994587
-0.78887296, 0.0, -0.61452073
0.38274711, 0.59359816
-0.09037542, -0.00997293, -0.01727357
-0.78887296, -0.30726036, -0.53221226
0.37494698, 0.59569305
-0.09037542, 0.00997295, -0.01727357
-0.78887296, 0.30726036, -0.53221226
0.3905496, 0.59568408
-0.09037542, -0.01994586, -0.0
-0.78887296, -0.61452073, 0.0
0.3905482, 0.59564418
-0.09037542, 0.01994588, -0.0
-0.78887296, 0.61452073, 0.0
0.37497944, 0.59569383
-0.09037542, -0.01727356, -0.00997293
-0.78887296, -0.53221226, -0.30726036
0.38275972, 0.59357867
-0.09037542, -0.01994586, -0.0
-0.78887296, -0.61452073, 0.0
0.39056507, 0.59565386
-0.09037542, 0.01727358, -0.00997293
-0.78887296, 0.53221226, -0.30726036
0.38276249, 0.59360802
-0.09037542, 0.00997295, -0.01727357
-0.78887296, 0.30726036, -0.53221226
0.39056522, 0.59569305
-0.09037542, -0.00997293, -0.01727357
-0.78887296, -0.30726036, -0.53221226
0.37496245, 0.59568408
0.06575213, 0.14465354, -0.0
0.96490371, -0.26248971, 0.0
0.32612884, 0.51125371
0.06262107, 0.20794389, -0.12005686
0.99945068, 0.02838221, -0.01638844
0.38264573, 0.42138207
0.06262107, 0.24011372, -0.0
0.99945068, 0.03277688, 0.0
0.288748, 0.44660968
0.06575213, 0.12527321, -0.07232675
0.96490371, -0.22733238, 0.13126011
0.38269639, 0.49605566
0.06262107, 0.12005688, -0.20794389
0.99945068, 0.01638844, -0.02838221
0.4765766, 0.44648224
0.06575213, 1e-08, -0.14465351
0.96490371, 0.0, 0.26248971
0.38269073, 0.49604559
0.06262107, 1e-08, -0.24011372
0.99945068, 0.0, -0.03277688
0.38264754, 0.42137176
0.06262107, -0.12005686, -0.20794389
0.99945068, -0.01638844, -0.02838221
0.28874749, 0.4465909
0.06575213, -0.07232676, -0.1252732
0.96490371, 0.13126011, 0.22733238
0.32602292, 0.5112958
0.06262107, -0.20794389, -0.12005686
0.99945068, -0.02838221, -0.01638844
0.3824259, 0.42135298
0.06262107, -0.12005686, -0.20794389
0.99945068, -0.01638844, -0.02838221
0.28856105, 0.4466989
0.06575213, -0.14465348, -0.0
0.96490371, 0.26248971, 0.0
0.43917769, 0.51107657
0.06262107, -0.24011372, -0.0
0.99945068, -0.03277688, 0.0
0.47638932, 0.4463349
0.06262107, -0.20794389, 0.12005687
0.99945068, -0.02838221, 0.01638844
0.38240901, 0.42134333
0.06575213, -0.1252732, 0.07232676
0.96490371, 0.22733238, -0.13126011
0.38255376, 0.49601674
0.06262107, -0.12005686, 0.20794392
0.99945068, -0.01638844, 0.02838221
0.28854412, 0.44668919
0.06262107, -0.12005686, 0.20794392
0.99945068, -0.01638844, 0.02838221
0.28884155, 0.44651705
0.06575213, 1e-08, 0.14465351
0.96490371, 0.0, -0.26248971
0.38275614, 0.49602604
0.06262107, 1e-08, 0.24011372
0.99945068, 0.0, 0.03277688
0.38275614, 0.42135227
0.06262107, 0.12005688, 0.20794392
0.99945068, 0.01638844, 0.02838221
0.47667068, 0.44651705
0.06575213, 0.07232676, 0.12527321
0.96490371, -0.13126011, -0.22733238
0.43930072, 0.51116717
0.06262107, 0.20794389, 0.12005687
0.99945068, 0.02838221, 0.01638844
0.38266259, 0.42137229
0.06262107, 0.12005688, 0.20794392
0.99945068, 0.01638844, 0.02838221
0.47659352, 0.44647247
0.06575213, 0.14465354, -0.0
0.96490371, -0.26248971, 0.0
0.32614568, 0.51124394
0.06262107, 0.24011372, -0.0
0.99945068, 0.03277688, 0.0
0.28876483, 0.44659996
0.0655764, 0.02999637, -0.0
0.87411118, 0.48570207, 0.0
0.3710438, 0.58888787
0.0655764, 0.06927343, 0.03999516
0.99148536, 0.11267434, 0.06503494
0.38274753, 0.54662856
0.0655764, 0.02597753, 0.01499819
0.87411118, 0.42063662, 0.24283578
0.382774, 0.58573624
0.0655764, -0.06927342, -0.03999515
0.99148536, -0.11267434, -0.06503494
0.38266867, 0.54660904
0.0655764, -0.01499818, -0.02597752
0.87411118, -0.24283578, -0.42063662
0.37101832, 0.58888307
0.0655764, -0.02597752, -0.01499818
0.87411118, -0.42063662, -0.24283578
0.38274446, 0.58571669
0.05413724, -0.11274589, 0.06509409
0.9567858, 0.25174719, -0.14532915
0.38257569, 0.50733221
0.0655764, -0.02999637, -0.0
0.87411118, -0.48570207, 0.0
0.39448288, 0.58883759
0.06575213, -0.07232676, 0.12527321
0.96490371, 0.13126011, -0.22733238
0.326006, 0.51128608
0.05413724, 0.13018818, -0.0
0.9567858, -0.29068881, 0.0
0.33179328, 0.52104938
0.0655764, -0.06927342, 0.03999516
0.99148536, -0.11267434, 0.06503494
0.38265181, 0.54659933
0.0655764, -0.02597752, 0.01499819
0.87411118, -0.42063662, 0.24283578
0.38272756, 0.58570698
0.06575213, -0.07232676, 0.12527321
0.96490371, 0.13126011, -0.22733238
0.32617843, 0.51118627
0.05413724, 1e-08, 0.13018817
0.9567858, 0.0, -0.29068881
0.38275614, 0.50734156
0.05413724, 0.06509409, -0.11274589
0.9567858, -0.14532915, 0.25174719
0.43363273, 0.52098036
0.06575213, 0.07232676, -0.1252732
0.96490371, -0.13126011, 0.22733238
0.43928385, 0.51117694
0.0655764, -0.03999515, 0.06927341
0.99148536, -0.06503494, 0.11267434
0.35138211, 0.55504301
0.0655764, -0.01499818, 0.02597753
0.87411118, -0.24283578, 0.42063662
0.37100139, 0.58887336
0.0655764, 0.06927343, -0.03999515
0.99148536, 0.11267434, -0.06503494
0.38273066, 0.54663831
0.0655764, 0.02597753, -0.01499818
0.87411118, 0.42063662, -0.24283578
0.38275716, 0.58574602
0.05413724, 1e-08, -0.13018817
0.9567858, 0.0, 0.29068881
0.38269728, 0.50736105
0.0655764, 1e-08, 0.02999637
0.87411118, 0.0, 0.48570207
0.38275614, 0.58571663
0.0655764, -0.03999515, 0.06927341
0.99148536, -0.06503494, 0.11267434
0.35146987, 0.5549922
0.05413724, 0.06509409, 0.1127459
0.9567858, -0.14532915, -0.25174719
0.43364957, 0.52097061
0.06575213, 0.12527321, 0.07232676
0.96490371, -0.22733238, -0.13126011
0.38271326, 0.49604583
0.0655764, 0.03999516, -0.06927341
0.99148536, 0.06503494, -0.11267434
0.41402233, 0.55500007
0.0655764, 0.01499819, -0.02597752
0.87411118, 0.24283578, -0.42063662
0.39449152, 0.58888167
0.06575213, -0.07232676, -0.1252732
0.96490371, 0.13126011, 0.22733238
0.32612178, 0.51123855
0.0655764, 0.03999516, 0.06927341
0.99148536, 0.06503494, 0.11267434
0.41404238, 0.5549922
0.0655764, 0.01499819, 0.02597753
0.87411118, 0.24283578, 0.42063662
0.39448845, 0.58886039
0.0655764, 1e-08, -0.02999637
0.87411118, 0.0, -0.48570207
0.38274255, 0.58573619
0.05413724, -0.06509408, -0.11274589
0.9567858, 0.14532915, 0.25174719
0.33169964, 0.52108434
0.06575213, -0.1252732, -0.07232675
0.96490371, 0.22733238, 0.13126011
0.38257065, 0.49602646
0.0655764, -0.03999515, -0.06927341
0.99148536, -0.06503494, -0.11267434
0.35143855, 0.55502978
0.05413724, -0.13018814, -0.0
0.9567858, 0.29068881, 0.0
0.43353894, 0.52088699
0.05413724, -0.06509408, 0.1127459
0.9567858, 0.14532915, -0.25174719
0.33168274, 0.52107462
0.05413724, -0.06509408, 0.1127459
0.9567858, 0.14532915, -0.25174719
0.33183619, 0.52098584
0.0655764, 1e-08, 0.07999032
0.99148536, 0.0, 0.1301004
0.38275614, 0.54660887
0.05413724, 0.06509409, 0.1127459
0.9567858, -0.14532915, -0.25174719
0.43367603, 0.52098584
0.05413724, 0.1127459, 0.06509409
0.9567858, -0.25174719, -0.14532915
0.38272086, 0.50736141
0.0655764, 0.07999031, -0.0
0.99148536, 0.1301004, 0.0
0.35146689, 0.55503282
0.05413724, 0.1127459, -0.06509408
0.9567858, -0.25174719, 0.14532915
0.38270402, 0.50737113
0.0655764, 1e-08, -0.07999031
0.99148536, 0.0, -0.1301004
0.38271999, 0.54662839
0.05413724, -0.06509408, -0.11274589
0.9567858, 0.14532915, 0.25174719
0.33178523, 0.52103481
0.05413724, -0.11274589, -0.06509408
0.9567858, 0.25174719, 0.14532915
0.38259256, 0.50734192
0.0655764, -0.07999031, -0.0
0.99148536, -0.1301004, 0.0
0.41397116, 0.55493146
-0.06262109, 0.20794389, -0.12005686
-0.99945068, 0.02838221, -0.01638844
0.38264573, 0.42138207
-0.06575213, 0.14465354, -0.0
-0.96612448, -0.25806451, 0.0
0.32612884, 0.51125371
-0.06262109, 0.24011372, -0.0
-0.99945068, 0.03277688, 0.0
0.288748, 0.44660968
-0.06262109, 0.12005688, -0.20794389
-0.99945068, 0.01638844, -0.02838221
0.4765766, 0.44648224
-0.06575213, 0.12527321, -0.07232675
-0.96612448, -0.22348705, 0.12903225
0.38269639, 0.49605566
-0.06575213, 1e-08, -0.14465351
-0.96612448, 0.0, 0.25806451
0.38269073, 0.49604559
-0.06575213, 0.07232676, -0.1252732
-0.96612448, -0.12903225, 0.22348705
0.43927711, 0.51117307
-0.06262109, -0.12005686, -0.20794389
-0.99945068, -0.01638844, -0.02838221
0.28874749, 0.4465909
-0.06262109, 1e-08, -0.24011372
-0.99945068, 0.0, -0.03277688
0.38264754, 0.42137176
-0.06262109, -0.20794389, -0.12005686
-0.99945068, -0.02838221, -0.01638844
0.3824259, 0.42135298
-0.06575213, -0.07232676, -0.1252732
-0.96612448, 0.12903225, 0.22348705
0.32602292, 0.5112958
-0.06262109, -0.12005686, -0.20794389
-0.99945068, -0.01638844, -0.02838221
0.28856105, 0.4466989
-0.06575213, -0.14465348, -0.0
-0.96612448, 0.25806451, 0.0
0.43917769, 0.51107657
-0.06575213, -0.1252732, -0.07232675
-0.96612448, 0.22348705, 0.12903225
0.38257065, 0.49602646
-0.06262109, -0.20794389, 0.12005687
-0.99945068, -0.02838221, 0.01638844
0.38240901, 0.42134333
-0.06262109, -0.24011372, -0.0
-0.99945068, -0.03277688, 0.0
0.47637242, 0.44632518
-0.06262109, -0.12005686, 0.20794392
-0.99945068, -0.01638844, 0.02838221
0.28854412, 0.44668919
-0.06575213, -0.1252732, 0.07232676
-0.96612448, 0.22348705, -0.12903225
0.38255376, 0.49601674
-0.06262109, -0.12005686, 0.20794392
-0.99945068, -0.01638844, 0.02838221
0.28884155, 0.44651705
-0.06575213, 1e-08, 0.14465351
-0.96612448, 0.0, -0.25806451
0.38275614, 0.49602604
-0.06575213, -0.07232676, 0.12527321
-0.96612448, 0.12903225, -0.22348705
0.32617843, 0.51118627
-0.06262109, 0.12005688, 0.20794392
-0.99945068, 0.01638844, 0.02838221
0.47667068, 0.44651705
-0.06262109, 1e-08, 0.24011372
-0.99945068, 0.0, 0.03277688
0.38275614, 0.42135227
-0.06262109, 0.20794389, 0.12005687
-0.99945068, 0.02838221, 0.01638844
0.38266259, 0.42137229
-0.06575213, 0.07232676, 0.12527321
-0.96612448, -0.12903225, -0.22348705
0.43930072, 0.51116717
-0.06262109, 0.12005688, 0.20794392
-0.99945068, 0.01638844, 0.02838221
0.47659352, 0.44647247
-0.06575213, 0.14465354, -0.0
-0.96612448, -0.25806451, 0.0
0.32614568, 0.51124394
-0.06575213, 0.12527321, 0.07232676
-0.96612448, -0.22348705, -0.12903225
0.38271326, 0.49604583
-0.06588317, 0.02999637, -0.0
-0.8737449, 0.48637348, 0.0
0.3710438, 0.58888787
-0.06588317, 0.06927343, 0.03999516
-0.9913938, 0.11316264, 0.06534013
0.38274753, 0.54662856
-0.06588317, 0.07999031, -0.0
-0.9913938, 0.13068026, 0.0
0.35146689, 0.55503282
-0.06588317, -0.01499818, -0.02597752
-0.8737449, -0.24317148, -0.42118594
0.37101832, 0.58888307
-0.06588317, -0.06927342, -0.03999515
-0.9913938, -0.11316264, -0.06534013
0.38266867, 0.54660904
-0.06588317, -0.02597752, -0.01499818
-0.8737449, -0.42118594, -0.24317148
0.38274446, 0.58571669
-0.0543905, -0.13018814, -0.0
-0.95864743, 0.28455457, 0.0
0.43352202, 0.5208773
-0.06588317, -0.02999637, -0.0
-0.8737449, -0.48637348, 0.0
0.39448288, 0.58883759
-0.06588317, -0.07999031, -0.0
-0.9913938, -0.13068026, 0.0
0.41397116, 0.55493146
-0.06575213, -0.07232676, 0.12527321
-0.96612448, 0.12903225, -0.22348705
0.326006, 0.51128608
-0.0543905, -0.11274589, 0.06509409
-0.95864743, 0.24643697, -0.14227729
0.38257569, 0.50733221
-0.0543905, 0.13018818, -0.0
-0.95864743, -0.28455457, 0.0
0.33179328, 0.52104938
-0.06588317, -0.06927342, 0.03999516
-0.9913938, -0.11316264, 0.06534013
0.38265181, 0.54659933
-0.06588317, -0.02597752, 0.01499819
-0.8737449, -0.42118594, 0.24317148
0.38272756, 0.58570698
-0.0543905, 1e-08, 0.13018817
-0.95864743, 0.0, -0.28455457
0.38275614, 0.50734156
-0.0543905, -0.06509408, 0.1127459
-0.95864743, 0.14227729, -0.24643697
0.33183619, 0.52098584
-0.0543905, 0.1127459, -0.06509408
-0.95864743, -0.24643697, 0.14227729
0.38270402, 0.50737113
-0.06588317, -0.03999515, 0.06927341
-0.9913938, -0.06534013, 0.11316264
0.35138211, 0.55504301
-0.06588317, -0.01499818, 0.02597753
-0.8737449, -0.24317148, 0.42118594
0.37100139, 0.58887336
-0.06588317, 0.06927343, -0.03999515
-0.9913938, 0.11316264, -0.06534013
0.38273066, 0.54663831
-0.06588317, 0.02597753, -0.01499818
-0.8737449, 0.42118594, -0.24317148
0.38275716, 0.58574602
-0.0543905, 1e-08, -0.13018817
-0.95864743, 0.0, 0.28455457
0.38269728, 0.50736105
-0.0543905, 0.06509409, -0.11274589
-0.95864743, -0.14227729, 0.24643697
0.43362504, 0.52097586
-0.06588317, 1e-08, 0.02999637
-0.8737449, 0.0, 0.48637348
0.38275614, 0.58571663
-0.06588317, -0.03999515, 0.06927341
-0.9913938, -0.06534013, 0.11316264
0.35146987, 0.5549922
-0.06588317, 1e-08, 0.07999032
-0.9913938, 0.0, 0.13068026
0.38275614, 0.54660887
-0.0543905, 0.1127459, 0.06509409
-0.95864743, -0.24643697, -0.14227729
0.38272086, 0.50736141
-0.0543905, 0.06509409, 0.1127459
-0.95864743, -0.14227729, -0.24643697
0.43364957, 0.52097061
-0.06588317, 0.03999516, -0.06927341
-0.9913938, 0.06534013, -0.11316264
0.41402233, 0.55500007
-0.06588317, 0.01499819, -0.02597752
-0.8737449, 0.24317148, -0.42118594
0.39449152, 0.58888167
-0.06575213, -0.07232676, -0.1252732
-0.96612448, 0.12903225, 0.22348705
0.32612178, 0.51123855
-0.06588317, 0.03999516, 0.06927341
-0.9913938, 0.06534013, 0.11316264
0.41404238, 0.5549922
-0.06588317, 0.01499819, 0.02597753
-0.8737449, 0.24317148, 0.42118594
0.39448845, 0.58886039
-0.06588317, 1e-08, -0.02999637
-0.8737449, 0.0, -0.48637348
0.38274255, 0.58573619
-0.06588317, 1e-08, -0.07999031
-0.9913938, 0.0, -0.13068026
0.38271999, 0.54662839
-0.0543905, -0.11274589, -0.06509408
-0.95864743, 0.24643697, 0.14227729
0.38259256, 0.50734192
-0.0543905, -0.06509408, -0.11274589
-0.91116059, 0.29132968, 0.29132968
0.33169964, 0.52108434
-0.06588317, 0.02597753, 0.01499819
-0.8737449, 0.42118594, 0.24317148
0.382774, 0.58573624
-0.06588317, -0.03999515, -0.06927341
-0.9913938, -0.06534013, -0.11316264
0.35143855, 0.55502978
-0.0543905, -0.06509408, 0.1127459
-0.95864743, 0.14227729, -0.24643697
0.33168274, 0.52107462
-0.0543905, 0.06509409, 0.1127459
-0.95864743, -0.14227729, -0.24643697
0.43367603, 0.52098584
-0.0543905, -0.06509408, -0.11274589
-0.97677541, 0.03576769, 0.21115756
0.33178523, 0.52103481
0.0655764, -0.03999515, -0.06927341
0.99148536, -0.06503494, -0.11267434
0.35139894, 0.5550527
-0.06262109, 0.24011372, -0.0
-0.99945068, 0.03277688, 0.0
0.28876483, 0.44659996
-0.06588317, -0.03999515, -0.06927341
-0.9913938, -0.06534013, -0.11316264
0.35139894, 0.5550527
# Number of Faces:
288
# Face Data:
0, 1, 2
1, 0, 3
2, 4, 5
4, 2, 1
5, 6, 7
6, 5, 4
7, 8, 9
8, 7, 6
9, 10, 11
10, 9, 8
11, 12, 13
12, 11, 10
13, 14, 15
14, 13, 12
15, 16, 17
16, 15, 14
17, 18, 19
18, 17, 16
19, 20, 21
20, 19, 18
22, 23, 24
23, 22, 25
24, 3, 0
3, 24, 23
26, 27, 28
29, 27, 26
30, 27, 29
31, 27, 30
32, 27, 33
34, 27, 32
35, 27, 36
37, 27, 35
38, 27, 39
40, 27, 38
41, 27, 42
28, 27, 41
43, 44, 45
46, 47, 45
48, 49, 45
50, 51, 45
52, 50, 45
53, 48, 45
44, 54, 45
47, 43, 45
55, 56, 45
57, 58, 45
54, 57, 45
59, 55, 45
60, 61, 62
63, 64, 61
64, 65, 66
65, 67, 66
68, 69, 70
69, 71, 72
71, 73, 72
74, 75, 73
76, 77, 78
77, 79, 78
80, 81, 82
81, 83, 84
85, 86, 87
88, 89, 90
71, 91, 74
92, 88, 90
91, 93, 74
94, 63, 60
95, 92, 96
97, 98, 77
63, 99, 100
101, 96, 102
98, 80, 77
103, 85, 104
100, 105, 65
106, 107, 102
108, 109, 80
110, 104, 111
105, 112, 65
113, 106, 114
109, 94, 83
115, 110, 111
116, 117, 68
86, 114, 87
118, 115, 89
117, 119, 71
120, 95, 101
121, 122, 98
123, 122, 113
108, 86, 124
124, 125, 94
126, 125, 103
126, 110, 99
99, 127, 105
128, 127, 118
116, 88, 129
129, 130, 119
119, 95, 91
131, 132, 133
134, 135, 131
134, 136, 137
138, 136, 139
140, 141, 142
140, 143, 144
145, 143, 146
147, 148, 145
149, 150, 151
152, 150, 153
154, 155, 156
154, 157, 158
159, 160, 161
162, 163, 164
148, 165, 143
166, 163, 167
168, 169, 148
135, 170, 132
166, 171, 172
151, 173, 174
137, 175, 135
172, 176, 177
155, 173, 150
159, 178, 179
137, 180, 181
182, 183, 184
155, 185, 186
179, 187, 188
189, 180, 136
182, 190, 191
158, 170, 185
192, 187, 193
141, 194, 195
191, 160, 196
192, 197, 162
144, 165, 194
176, 169, 198
184, 174, 173
199, 184, 173
160, 186, 185
161, 185, 170
175, 161, 170
187, 175, 181
193, 181, 180
200, 193, 180
163, 195, 194
167, 194, 165
169, 167, 165
60, 63, 61
63, 100, 64
64, 100, 65
65, 112, 67
68, 117, 69
69, 117, 71
71, 74, 73
74, 93, 75
76, 97, 77
77, 80, 79
80, 109, 81
81, 109, 83
85, 125, 86
88, 201, 89
71, 119, 91
92, 130, 88
91, 120, 93
94, 126, 63
95, 130, 92
97, 121, 98
63, 126, 99
101, 95, 96
98, 123, 80
103, 125, 85
100, 99, 105
106, 122, 107
108, 124, 109
110, 103, 104
105, 128, 112
113, 122, 106
109, 124, 94
115, 127, 110
116, 129, 117
86, 113, 114
118, 127, 115
117, 129, 119
120, 91, 95
121, 107, 122
123, 98, 122
108, 113, 86
124, 86, 125
126, 94, 125
126, 103, 110
99, 110, 127
128, 105, 127
116, 201, 88
129, 88, 130
119, 130, 95
131, 135, 132
134, 137, 135
134, 139, 136
138, 189, 136
140, 144, 141
140, 146, 143
145, 148, 143
147, 168, 148
149, 153, 150
152, 155, 150
154, 158, 155
154, 202, 157
159, 196, 160
162, 203, 163
148, 169, 165
166, 164, 163
168, 198, 169
135, 175, 170
166, 167, 171
151, 150, 173
137, 181, 175
172, 171, 176
155, 199, 173
159, 161, 178
137, 136, 180
182, 177, 183
155, 158, 185
179, 178, 187
189, 200, 180
182, 184, 190
158, 157, 170
192, 188, 187
141, 144, 194
191, 190, 160
192, 193, 197
144, 143, 165
176, 171, 169
184, 183, 174
199, 190, 184
160, 190, 186
161, 160, 185
175, 178, 161
187, 178, 175
193, 187, 181
200, 197, 193
163, 203, 195
167, 163, 194
169, 171, 167
162, 55, 59
179, 54, 159
179, 58, 57
164, 56, 55
191, 47, 182
196, 54, 44
172, 53, 166
188, 50, 52
162, 50, 192
177, 48, 172
177, 47, 46
196, 43, 191
28, 104, 85
41, 111, 104
111, 38, 115
38, 89, 115
89, 35, 90
90, 36, 92
34, 96, 92
32, 102, 96
102, 30, 106
30, 114, 106
29, 87, 114
87, 28, 85
162, 164, 55
179, 57, 54
179, 188, 58
164, 166, 56
191, 43, 47
196, 159, 54
172, 48, 53
188, 192, 50
162, 51, 50
177, 49, 48
177, 182, 47
196, 44, 43
28, 41, 104
41, 42, 111
111, 40, 38
38, 39, 89
89, 37, 35
90, 35, 36
34, 32, 96
32, 33, 102
102, 31, 30
30, 29, 114
29, 26, 87
87, 26, 28
