# Project Zomboid Skinned Mesh
# File Version:
1.0
# Model Name:
Vehicle_WheelFRL1
# Vertex Stride Element Count:
3
# Vertex Stride Size (in bytes):
76
# Vertex Stride Data:
# (Int)    Offset
# (String) Type
0
VertexArray
12
NormalArray
24
TextureCoordArray
# Vertex Count:
148
# Vertex Buffer:
0.04921639, 0.18128322, 0.00078958
0.0, 1.0, 0.0
0.14849828, 0.16637194
-0.04960618, 0.15693428, 0.09165913
0.0, 0.86602372, 0.49998474
0.06249534, 0.24778974
0.04921639, 0.15693428, 0.09165913
0.0, 0.86602372, 0.49998474
0.14849828, 0.24778974
-0.04960618, 0.18128322, 0.00078958
0.0, 1.0, 0.0
0.06249534, 0.16637206
-0.04960618, 0.09041368, 0.15817973
0.0, 0.49998474, 0.86602372
0.06249531, 0.32920754
0.04921639, 0.09041368, 0.15817973
0.0, 0.49998474, 0.86602372
0.14849828, 0.32920754
-0.04960618, -0.00045587, 0.18252867
0.0, 0.0, 1.0
0.06249531, 0.41062546
0.04921639, -0.00045587, 0.18252867
0.0, 0.0, 1.0
0.14849828, 0.41062546
-0.04960618, -0.09132541, 0.15817973
0.0, -0.49998474, 0.86602372
0.06249531, 0.49204302
0.04921639, -0.09132541, 0.15817973
0.0, -0.49998474, 0.86602372
0.14849828, 0.49204302
-0.04960618, -0.157846, 0.09165913
0.0, -0.86602372, 0.49998474
0.06249528, 0.57346088
0.04921639, -0.157846, 0.09165913
0.0, -0.86602372, 0.49998474
0.14849828, 0.57346094
-0.04960618, -0.18219496, 0.00078958
0.0, -1.0, 0.0
0.06249528, 0.65487856
0.04921639, -0.18219496, 0.00078958
0.0, -1.0, 0.0
0.14849822, 0.65487856
-0.04960618, -0.157846, -0.09007996
0.0, -0.86602372, -0.49998474
0.06249528, 0.73629642
0.04921639, -0.157846, -0.09007996
0.0, -0.86602372, -0.49998474
0.14849822, 0.73629642
-0.04960618, -0.09132541, -0.15660056
0.0, -0.49998474, -0.86602372
0.06249528, 0.81771399
0.04921639, -0.09132541, -0.15660056
0.0, -0.49998474, -0.86602372
0.14849822, 0.81771399
-0.04960618, -0.00045587, -0.18094951
0.0, 0.0, -1.0
0.06249528, 0.89913197
0.04921639, -0.00045587, -0.18094951
0.0, 0.0, -1.0
0.14849822, 0.89913197
-0.04960618, 0.09041368, -0.15660056
0.0, 0.25879696, -0.96591085
0.06249528, 0.9805496
0.04921639, 0.09041368, -0.15660056
0.0, 0.25879696, -0.96591085
0.14849822, 0.9805496
0.04921639, 0.09041368, -0.15660056
0.0, 0.70708334, -0.70708334
0.14849822, 0.00353634
-0.04960618, 0.15693428, -0.09007996
0.0, 0.86602372, -0.49998474
0.06249531, 0.08495402
0.04921639, 0.15693428, -0.09007996
0.0, 0.86602372, -0.49998474
0.14849828, 0.08495402
-0.04960618, 0.09041368, -0.15660056
0.0, 0.70708334, -0.70708334
0.06249531, 0.00353634
0.04782815, 0.04719325, 0.0282999
0.89803767, 0.38093203, 0.21991637
0.425915, 0.58448425
0.04782815, -0.00045587, 0.00078958
1.0, 0.0, 0.0
0.38282558, 0.60936198
0.04782815, 0.05456479, 0.00078958
0.89803767, 0.43986326, 0.0
0.43258113, 0.60936198
0.04782815, 0.02705446, 0.04843872
0.89803767, 0.21991637, 0.38093203
0.40770334, 0.56627262
0.04782815, -0.00045587, 0.05581024
0.89803767, 0.0, 0.43986326
0.38282558, 0.55960649
0.04782815, -0.0279662, 0.04843872
0.89803767, -0.21991637, 0.38093203
0.35794786, 0.56627262
0.04782815, -0.04810499, 0.0282999
0.89803767, -0.38093203, 0.21991637
0.33973622, 0.58448425
0.04782815, -0.05547652, 0.00078958
0.89803767, -0.43986326, 0.0
0.3330701, 0.60936198
0.04782815, -0.04810499, -0.02672075
0.89803767, -0.38093203, -0.21991637
0.33973622, 0.63423976
0.04782815, -0.0279662, -0.04685955
0.89803767, -0.21991637, -0.38093203
0.35794786, 0.65245143
0.04782815, -0.00045587, -0.05423108
0.89803767, 0.0, -0.43986326
0.38282558, 0.65911752
0.04782815, 0.02705446, -0.04685955
0.89803767, 0.21991637, -0.38093203
0.40770334, 0.65245143
0.04782815, 0.04719325, -0.02672075
0.89803767, 0.38093203, -0.21991637
0.425915, 0.63423976
-0.04821794, 0.05456479, 0.00078958
-0.89803767, 0.43986326, 0.0
0.43258113, 0.60936198
-0.04821794, -0.00045587, 0.00078958
-1.0, 0.0, 0.0
0.38282558, 0.60936198
-0.04821794, 0.04719326, 0.0282999
-0.89803767, 0.38093203, 0.21991637
0.425915, 0.58448425
-0.04821794, 0.02705446, 0.04843872
-0.89803767, 0.21991637, 0.38093203
0.40770334, 0.56627262
-0.04821794, -0.00045587, 0.05581024
-0.89803767, 0.0, 0.43986326
0.38282558, 0.55960649
-0.04821794, -0.0279662, 0.04843872
-0.89803767, -0.21991637, 0.38093203
0.35794786, 0.56627262
-0.04821794, -0.04810499, 0.0282999
-0.89803767, -0.38093203, 0.21991637
0.33973622, 0.58448425
-0.04821794, -0.05547652, 0.00078958
-0.89803767, -0.43986326, 0.0
0.3330701, 0.60936198
-0.04821794, -0.04810499, -0.02672075
-0.89803767, -0.38093203, -0.21991637
0.33973622, 0.63423976
-0.04821794, -0.0279662, -0.04685955
-0.89803767, -0.21991637, -0.38093203
0.35794786, 0.65245143
-0.04821794, -0.00045587, -0.05423108
-0.89803767, 0.0, -0.43986326
0.38282558, 0.65911752
-0.04821794, 0.02705446, -0.04685955
-0.89803767, 0.21991637, -0.38093203
0.40770334, 0.65245143
-0.04821794, 0.04719326, -0.02672075
-0.89803767, 0.38093203, -0.21991637
0.425915, 0.63423976
-0.04960617, 0.09456843, -0.0540729
-0.95706046, -0.25098422, 0.14490189
0.48470935, 0.66818482
-0.03415363, 0.09084824, 0.00078958
-0.92071289, -0.39020967, 0.0
0.4737294, 0.60936198
-0.04960617, 0.10926911, 0.00078958
-0.95706046, -0.28980377, 0.0
0.50047123, 0.60936198
-0.04960617, 0.05440661, -0.09423472
-0.95706046, -0.14490189, 0.25098422
0.44164839, 0.71124575
-0.03415363, 0.07861556, -0.04486248
-0.92071289, -0.33793145, 0.19510484
0.46155035, 0.65481389
-0.03415363, -0.00045587, -0.09051454
-0.92071289, 0.0, 0.39020967
0.38282558, 0.70026579
-0.04960617, -0.00045587, -0.10893539
-0.95706046, 0.0, 0.28980377
0.38282558, 0.7270076
-0.04960617, -0.05531836, -0.09423472
-0.95706046, 0.14490189, 0.25098422
0.3240028, 0.71124575
-0.04960617, -0.09548017, -0.0540729
-0.95706046, 0.25098422, 0.14490189
0.28094187, 0.66818482
-0.03415363, -0.04610793, -0.07828183
-0.92071289, 0.19510484, 0.33793145
0.33737373, 0.68808675
-0.03415363, -0.09175998, 0.00078958
-0.92071289, 0.39020967, 0.0
0.29192182, 0.60936198
-0.04960617, -0.11018085, 0.00078958
-0.95706046, 0.28980377, 0.0
0.26517999, 0.60936198
-0.04960617, -0.09548017, 0.05565207
-0.95706046, 0.25098422, -0.14490189
0.28094187, 0.5505392
-0.03415363, -0.04610793, 0.07986102
-0.92071289, 0.19510484, -0.33793145
0.33737373, 0.53063723
-0.04960617, -0.05531836, 0.09581389
-0.95706046, 0.14490189, -0.25098422
0.3240028, 0.50747821
-0.03415363, -0.00045587, 0.09209372
-0.92071289, 0.0, -0.39020967
0.38282558, 0.51845822
-0.04960617, -0.00045587, 0.11051454
-0.95706046, 0.0, -0.28980377
0.38282558, 0.49171633
-0.04960617, 0.05440661, 0.09581389
-0.95706046, -0.14490189, -0.25098422
0.44164839, 0.50747821
-0.04960617, 0.09456843, 0.05565207
-0.95706046, -0.25098422, -0.14490189
0.48470935, 0.5505392
-0.03415363, 0.0451962, 0.07986102
-0.92071289, -0.19510484, -0.33793145
0.42827749, 0.53063723
0.03376385, 0.09084824, 0.00078958
0.92071289, -0.39020967, 0.0
0.4737294, 0.60936198
0.04921639, 0.09456843, -0.0540729
0.95706046, -0.25098422, 0.14490189
0.48470935, 0.66818482
0.04921639, 0.10926911, 0.00078958
0.95706046, -0.28980377, 0.0
0.50047123, 0.60936198
0.03376385, 0.07861556, -0.04486248
0.92071289, -0.33793145, 0.19510484
0.46155035, 0.65481389
0.04921639, 0.05440661, -0.09423472
0.95706046, -0.14490189, 0.25098422
0.44164839, 0.71124575
0.03376385, -0.00045587, -0.09051454
0.92071289, 0.0, 0.39020967
0.38282558, 0.70026579
0.04921639, -0.00045587, -0.10893539
0.95706046, 0.0, 0.28980377
0.38282558, 0.7270076
0.04921639, -0.05531836, -0.09423472
0.95706046, 0.14490189, 0.25098422
0.3240028, 0.71124575
0.03376385, -0.07952727, -0.04486248
0.92071289, 0.33793145, 0.19510484
0.30410087, 0.65481389
0.04921639, -0.09548017, -0.0540729
0.95706046, 0.25098422, 0.14490189
0.28094187, 0.66818482
0.03376385, -0.09175998, 0.00078958
0.92071289, 0.39020967, 0.0
0.29192182, 0.60936198
0.04921639, -0.11018085, 0.00078958
0.95706046, 0.28980377, 0.0
0.26517999, 0.60936198
0.04921639, -0.09548017, 0.05565207
0.95706046, 0.25098422, -0.14490189
0.28094187, 0.5505392
0.03376385, -0.07952727, 0.04644163
0.92071289, 0.33793145, -0.19510484
0.30410087, 0.56391013
0.04921639, -0.05531836, 0.09581389
0.95706046, 0.14490189, -0.25098422
0.3240028, 0.50747821
0.03376385, -0.00045587, 0.09209372
0.92071289, 0.0, -0.39020967
0.38282558, 0.51845822
0.04921639, -0.00045587, 0.11051454
0.95706046, 0.0, -0.28980377
0.38282558, 0.49171633
0.04921639, 0.05440661, 0.09581389
0.95706046, -0.14490189, -0.25098422
0.44164839, 0.50747821
0.03376385, 0.0451962, 0.07986102
0.92071289, -0.19510484, -0.33793145
0.42827749, 0.53063723
0.04921639, 0.09456843, 0.05565207
0.95706046, -0.25098422, -0.14490189
0.48470935, 0.5505392
-0.03415363, 0.05910553, -0.03359833
-0.94384593, 0.28608051, -0.16516617
0.44212586, 0.64359918
-0.03415363, 0.06831995, 0.00078958
-0.94384593, 0.33033234, 0.0
0.45129985, 0.60936198
-0.03415363, 0.03393205, -0.05877184
-0.94384593, 0.16516617, -0.28604999
0.41706276, 0.66866228
-0.03415363, -0.00045587, -0.06798624
-0.94384593, 0.0, -0.33033234
0.38282558, 0.67783624
-0.03415363, -0.03484377, -0.05877184
-0.94384593, -0.16516617, -0.28604999
0.34858844, 0.66866228
-0.03415363, -0.06001728, -0.03359833
-0.94384593, -0.28604999, -0.16516617
0.32352534, 0.64359918
-0.03415363, -0.06923169, 0.00078958
-0.94384593, -0.33033234, 0.0
0.31435135, 0.60936198
-0.03415363, -0.06001728, 0.0351775
-0.94384593, -0.28604999, 0.16516617
0.32352534, 0.57512483
-0.03415363, -0.03484377, 0.06035099
-0.94384593, -0.16516617, 0.28608051
0.34858844, 0.55006173
-0.03415363, -0.00045587, 0.0695654
-0.94384593, 0.0, 0.33033234
0.38282558, 0.54088774
-0.03415363, 0.03393205, 0.06035099
-0.94384593, 0.16516617, 0.28604999
0.41706276, 0.55006173
-0.03415363, 0.05910553, 0.0351775
-0.94384593, 0.28604999, 0.16516617
0.44212586, 0.57512483
0.03376385, 0.05910553, -0.03359833
0.94384593, 0.28604999, -0.16516617
0.44212586, 0.64359918
0.03376385, 0.06831995, 0.00078958
0.94384593, 0.33033234, 0.0
0.45129985, 0.60936198
0.03376385, 0.03393205, -0.05877184
0.94384593, 0.16516617, -0.28604999
0.41706276, 0.66866228
0.03376385, -0.00045587, -0.06798624
0.94384593, 0.0, -0.33033234
0.38282558, 0.67783624
0.03376385, -0.03484377, -0.05877184
0.94384593, -0.16516617, -0.28604999
0.34858844, 0.66866228
0.03376385, -0.06001728, -0.03359833
0.94384593, -0.28604999, -0.16516617
0.32352534, 0.64359918
0.03376385, -0.06923169, 0.00078958
0.94384593, -0.33033234, 0.0
0.31435135, 0.60936198
0.03376385, -0.06001728, 0.0351775
0.94384593, -0.28604999, 0.16516617
0.32352534, 0.57512483
0.03376385, -0.03484377, 0.06035099
0.94384593, -0.16516617, 0.28604999
0.34858844, 0.55006173
0.03376385, -0.00045587, 0.0695654
0.94384593, 0.0, 0.33033234
0.38282558, 0.54088774
0.03376385, 0.03393205, 0.06035099
0.94384593, 0.16516617, 0.28604999
0.41706276, 0.55006173
0.03376385, 0.05910553, 0.0351775
0.94384593, 0.28604999, 0.16516617
0.44212586, 0.57512483
0.03376385, 0.07861556, 0.04644164
0.92071289, -0.33793145, -0.19510484
0.46155035, 0.5639101
0.03376385, -0.04610793, 0.07986102
0.92071289, 0.19510484, -0.33793145
0.33737373, 0.53063723
0.03376385, -0.04610793, -0.07828183
0.92071289, 0.19510484, 0.33793145
0.33737373, 0.68808675
0.03376385, 0.0451962, -0.07828183
0.92071289, -0.19510484, 0.33793145
0.42827749, 0.68808675
-0.03415363, 0.07861556, 0.04644163
-0.92071289, -0.33793145, -0.19510484
0.46155035, 0.56391013
-0.03415363, -0.07952727, 0.04644163
-0.92071289, 0.33793145, -0.19510484
0.30410087, 0.56391013
-0.03415363, -0.07952727, -0.04486248
-0.92071289, 0.33793145, 0.19510484
0.30410087, 0.65481389
-0.03415363, 0.0451962, -0.07828183
-0.92071289, -0.19510484, 0.33793145
0.42827749, 0.68808675
0.04921639, 0.15693428, 0.09165913
1.0, 0.0, 0.0
0.55157715, 0.51193285
0.04921639, 0.18128322, 0.00078958
1.0, 0.0, 0.0
0.57768369, 0.60936198
0.04921639, 0.09041368, 0.15817973
1.0, 0.0, 0.0
0.48025474, 0.44061047
0.04921639, -0.00045587, 0.18252867
1.0, 0.0, 0.0
0.38282558, 0.41450393
0.04921639, -0.09132541, 0.15817973
1.0, 0.0, 0.0
0.28539658, 0.44061047
0.04921639, -0.157846, 0.09165913
1.0, 0.0, 0.0
0.21407408, 0.51193285
0.04921639, -0.18219496, 0.00078958
1.0, 0.0, 0.0
0.18796746, 0.60936198
0.04921639, -0.157846, -0.09007996
1.0, 0.0, 0.0
0.21407408, 0.70679104
0.04921639, -0.09132541, -0.15660056
1.0, 0.0, 0.0
0.28539658, 0.77811356
0.04921639, -0.00045587, -0.18094951
1.0, 0.0, 0.0
0.38282558, 0.80422018
0.04921639, 0.09041368, -0.15660056
0.99996948, 0.0, 0.0
0.48025474, 0.77811356
0.04921639, 0.15693428, -0.09007996
1.0, 0.0, 0.0
0.55157715, 0.70679104
-0.04960618, 0.15693428, 0.09165913
-1.0, 0.0, 0.0
0.55157715, 0.51193285
-0.04960618, 0.18128322, 0.00078958
-1.0, 0.0, 0.0
0.57768369, 0.60936198
-0.04960618, 0.09041368, 0.15817973
-0.99996948, 0.0, 0.0
0.48025474, 0.44061047
-0.04960618, -0.00045587, 0.18252867
-1.0, 0.0, 0.0
0.38282558, 0.41450393
-0.04960618, -0.09132541, 0.15817973
-1.0, 0.0, 0.0
0.28539658, 0.44061047
-0.04960618, -0.157846, 0.09165913
-1.0, 0.0, 0.0
0.21407408, 0.51193285
-0.04960618, -0.18219496, 0.00078958
-1.0, 0.0, 0.0
0.18796746, 0.60936198
-0.04960618, -0.157846, -0.09007996
-1.0, 0.0, 0.0
0.21407408, 0.70679104
-0.04960618, -0.09132541, -0.15660056
-1.0, 0.0, 0.0
0.28539658, 0.77811356
-0.04960618, -0.00045587, -0.18094951
-1.0, 0.0, 0.0
0.38282558, 0.80422018
-0.04960618, 0.09041368, -0.15660056
-0.99996948, 0.0, 0.0
0.48025474, 0.77811356
-0.04960618, 0.15693428, -0.09007996
-1.0, 0.0, 0.0
0.55157715, 0.70679104
# Number of Faces:
300
# Face Data:
0, 1, 2
1, 0, 3
2, 4, 5
4, 2, 1
5, 6, 7
6, 5, 4
7, 8, 9
8, 7, 6
9, 10, 11
10, 9, 8
11, 12, 13
12, 11, 10
13, 14, 15
14, 13, 12
15, 16, 17
16, 15, 14
17, 18, 19
18, 17, 16
19, 20, 21
20, 19, 18
22, 23, 24
23, 22, 25
24, 3, 0
3, 24, 23
26, 27, 28
29, 27, 26
30, 27, 29
31, 27, 30
32, 27, 31
33, 27, 32
34, 27, 33
35, 27, 34
36, 27, 35
37, 27, 36
38, 27, 37
28, 27, 38
39, 40, 41
41, 40, 42
42, 40, 43
43, 40, 44
44, 40, 45
45, 40, 46
46, 40, 47
47, 40, 48
48, 40, 49
49, 40, 50
50, 40, 51
51, 40, 39
52, 53, 54
55, 56, 52
57, 55, 58
59, 57, 58
60, 61, 59
62, 60, 63
64, 62, 63
65, 64, 66
67, 66, 68
69, 67, 68
70, 71, 69
53, 70, 54
72, 73, 74
75, 76, 73
76, 77, 78
77, 79, 78
79, 80, 81
81, 82, 83
82, 84, 83
85, 86, 84
86, 87, 88
87, 89, 88
90, 91, 89
91, 72, 74
92, 39, 93
50, 92, 94
49, 94, 95
96, 49, 95
97, 48, 96
46, 97, 98
99, 46, 98
100, 45, 99
43, 100, 101
102, 43, 101
41, 102, 103
39, 103, 93
28, 104, 105
38, 106, 104
106, 36, 107
36, 108, 107
108, 34, 109
109, 33, 110
33, 111, 110
32, 112, 111
112, 30, 113
30, 114, 113
114, 26, 115
115, 28, 105
116, 105, 72
114, 116, 90
113, 90, 87
117, 113, 87
85, 112, 117
110, 85, 82
80, 110, 82
108, 80, 118
107, 118, 77
119, 107, 77
104, 119, 75
105, 75, 72
93, 120, 53
103, 71, 120
71, 101, 67
101, 65, 67
100, 121, 65
121, 98, 62
98, 122, 62
97, 61, 122
61, 95, 57
95, 123, 57
94, 56, 123
56, 93, 53
124, 74, 125
89, 124, 126
88, 126, 127
128, 88, 127
84, 128, 129
83, 129, 130
131, 83, 130
79, 131, 132
78, 132, 133
134, 78, 133
73, 134, 135
74, 135, 125
54, 136, 137
70, 138, 136
138, 68, 139
68, 140, 139
66, 141, 140
141, 63, 142
63, 143, 142
60, 144, 143
144, 58, 145
58, 146, 145
55, 147, 146
147, 54, 137
52, 56, 53
55, 123, 56
57, 123, 55
59, 61, 57
60, 122, 61
62, 122, 60
64, 121, 62
65, 121, 64
67, 65, 66
69, 71, 67
70, 120, 71
53, 120, 70
72, 75, 73
75, 119, 76
76, 119, 77
77, 118, 79
79, 118, 80
81, 80, 82
82, 85, 84
85, 117, 86
86, 117, 87
87, 90, 89
90, 116, 91
91, 116, 72
92, 51, 39
50, 51, 92
49, 50, 94
96, 48, 49
97, 47, 48
46, 47, 97
99, 45, 46
100, 44, 45
43, 44, 100
102, 42, 43
41, 42, 102
39, 41, 103
28, 38, 104
38, 37, 106
106, 37, 36
36, 35, 108
108, 35, 34
109, 34, 33
33, 32, 111
32, 31, 112
112, 31, 30
30, 29, 114
114, 29, 26
115, 26, 28
116, 115, 105
114, 115, 116
113, 114, 90
117, 112, 113
85, 111, 112
110, 111, 85
80, 109, 110
108, 109, 80
107, 108, 118
119, 106, 107
104, 106, 119
105, 104, 75
93, 103, 120
103, 102, 71
71, 102, 101
101, 100, 65
100, 99, 121
121, 99, 98
98, 97, 122
97, 96, 61
61, 96, 95
95, 94, 123
94, 92, 56
56, 92, 93
124, 91, 74
89, 91, 124
88, 89, 126
128, 86, 88
84, 86, 128
83, 84, 129
131, 81, 83
79, 81, 131
78, 79, 132
134, 76, 78
73, 76, 134
74, 73, 135
54, 70, 136
70, 69, 138
138, 69, 68
68, 66, 140
66, 64, 141
141, 64, 63
63, 60, 143
60, 59, 144
144, 59, 58
58, 55, 146
55, 52, 147
147, 52, 54
26, 27, 28
29, 27, 26
30, 27, 29
31, 27, 30
32, 27, 31
33, 27, 32
34, 27, 33
35, 27, 34
36, 27, 35
37, 27, 36
38, 27, 37
28, 27, 38
28, 104, 105
38, 106, 104
106, 36, 107
36, 108, 107
108, 34, 109
109, 33, 110
33, 111, 110
32, 112, 111
112, 30, 113
30, 114, 113
114, 26, 115
115, 28, 105
116, 105, 72
114, 116, 90
113, 90, 87
117, 113, 87
85, 112, 117
110, 85, 82
80, 110, 82
108, 80, 118
107, 118, 77
119, 107, 77
104, 119, 75
105, 75, 72
28, 38, 104
38, 37, 106
106, 37, 36
36, 35, 108
108, 35, 34
109, 34, 33
33, 32, 111
32, 31, 112
112, 31, 30
30, 29, 114
114, 29, 26
115, 26, 28
116, 115, 105
114, 115, 116
113, 114, 90
117, 112, 113
85, 111, 112
110, 111, 85
80, 109, 110
108, 109, 80
107, 108, 118
119, 106, 107
104, 106, 119
105, 104, 75
