# Project Zomboid Skinned Mesh
# File Version:
1.0
# Model Name:
Vehicle_Wheel03.003
# Vertex Stride Element Count:
3
# Vertex Stride Size (in bytes):
76
# Vertex Stride Data:
# (Int)    Offset
# (String) Type
0
VertexArray
12
NormalArray
24
TextureCoordArray
# Vertex Count:
442
# Vertex Buffer:
-0.13298996, -0.24011371, 0.0
0.0, -1.0, 0.0
0.03126602, 0.8216515
-0.13298996, -0.2079439, -0.12005687
0.0, -0.86602372, -0.49998474
0.03126605, 0.74026701
-0.00774782, -0.2079439, -0.12005687
0.0, -0.86602372, -0.49998474
0.1641642, 0.74026707
-0.00774782, -0.24011371, 0.0
0.0, -1.0, 0.0
0.16416416, 0.82165153
-0.13298996, -0.12005688, -0.20794392
0.0, -0.49998474, -0.86602372
0.03126608, 0.65888327
-0.00774782, -0.12005688, -0.20794392
0.0, -0.49998474, -0.86602372
0.16416427, 0.65888327
-0.13298996, -1e-08, -0.24011372
0.0, 0.0, -1.0
0.03126611, 0.57749876
-0.00774782, -1e-08, -0.24011372
0.0, 0.0, -1.0
0.16416427, 0.57749879
-0.13298996, 0.12005686, -0.20794392
0.0, 0.49998474, -0.86602372
0.03126618, 0.49611419
-0.00774782, 0.12005686, -0.20794392
0.0, 0.49998474, -0.86602372
0.16416432, 0.49611425
-0.13298996, 0.20794387, -0.12005687
0.0, 0.86602372, -0.49998474
0.03126621, 0.41473037
-0.00774782, 0.20794387, -0.12005687
0.0, 0.86602372, -0.49998474
0.16416441, 0.41473043
-0.13298996, 0.24011374, 0.0
0.0, 1.0, 0.0
0.03126624, 0.33334589
-0.00774782, 0.24011374, 0.0
0.0, 1.0, 0.0
0.16416441, 0.33334589
-0.13298996, 0.20794387, 0.12005686
0.0, 0.86602372, 0.49998474
0.03126627, 0.25196135
-0.00774782, 0.20794387, 0.12005686
0.0, 0.86602372, 0.49998474
0.16416441, 0.25196141
-0.13298996, 0.12005686, 0.20794389
0.0, 0.49998474, 0.86602372
0.03126632, 0.17057759
-0.00774782, 0.12005686, 0.20794389
0.0, 0.49998474, 0.86602372
0.16416447, 0.17057759
-0.13298996, -1e-08, 0.24011372
0.0, 0.0, 1.0
0.03126632, 0.08919305
-0.00774782, -1e-08, 0.24011372
0.0, 0.0, 1.0
0.16416447, 0.08919305
-0.13298996, -0.12005688, 0.20794389
0.0, -0.25879696, 0.96591085
0.03126632, 0.00780857
-0.00774782, -0.12005688, 0.20794389
0.0, -0.25879696, 0.96591085
0.16416447, 0.00780857
-0.13298996, -0.12005688, 0.20794389
0.0, -0.70708334, 0.70708334
0.03126593, 0.98441978
-0.13298996, -0.2079439, 0.12005686
0.0, -0.86602372, 0.49998474
0.03126599, 0.90303607
-0.00774782, -0.2079439, 0.12005686
0.0, -0.86602372, 0.49998474
0.16416416, 0.90303607
-0.00774782, -0.12005688, 0.20794389
0.0, -0.70708334, 0.70708334
0.1641641, 0.98441978
-0.08021207, -0.02497434, -0.01441898
-1.0, 0.0, 0.0
0.38278234, 0.63199949
-0.08021207, -0.02883798, 0.0
-1.0, 0.0, 0.0
0.37137297, 0.62893417
-0.08021207, -1e-08, 0.0
-0.99996948, 0.0, 0.0
0.38278997, 0.60918137
-0.08021207, -0.014419, -0.02497433
-1.0, 0.0, 0.0
0.39419571, 0.62894952
-0.08021207, -1e-08, -0.02883797
-1.0, 0.0, 0.0
0.38274834, 0.63202813
-0.08021207, -0.014419, -0.02497433
-1.0, 0.0, 0.0
0.39415962, 0.62897038
-0.08021207, 0.01441897, -0.02497433
-1.0, 0.0, 0.0
0.37133688, 0.62897038
-0.08021207, 0.02497432, -0.01441899
-1.0, 0.0, 0.0
0.38272879, 0.63204238
-0.08021207, 0.02883796, 0.0
-1.0, 0.0, 0.0
0.39414614, 0.6290068
-0.08021207, 0.02497432, 0.01441898
-0.99996948, 0.0, 0.0
0.38275355, 0.63202813
-0.08021207, 0.02883796, 0.0
-1.0, 0.0, 0.0
0.39417082, 0.62899265
-0.08021207, 0.01441897, 0.02497433
-1.0, 0.0, 0.0
0.37134811, 0.62894845
-0.08021207, -1e-08, 0.02883797
-1.0, 0.0, 0.0
0.3827351, 0.63199961
-0.08021207, -0.014419, 0.02497433
-1.0, 0.0, 0.0
0.3941482, 0.62894845
-0.08021207, -0.02497433, 0.01441898
-1.0, 0.0, 0.0
0.3827576, 0.63198519
-0.08021207, -0.014419, 0.02497433
-1.0, 0.0, 0.0
0.39417103, 0.62893534
-0.08021207, -0.02883798, 0.0
-1.0, 0.0, 0.0
0.3713482, 0.62891993
-0.13612105, -0.14465353, 0.0
-0.96490371, 0.26248971, 0.0
0.32612884, 0.70712847
-0.13298996, -0.24011371, 0.0
-0.99942017, -0.03277688, 0.00875881
0.288748, 0.7717725
-0.13298996, -0.2079439, 0.12005686
-0.99945068, -0.02838221, 0.01638844
0.38264573, 0.79700011
-0.13612105, -0.1252732, 0.07232675
-0.96490371, 0.22733238, -0.13126011
0.38269639, 0.72232652
-0.13298996, -0.12005688, 0.20794389
-0.99945068, -0.01638844, 0.02838221
0.4765766, 0.77189994
-0.13298996, -1e-08, 0.24011372
-0.99945068, 0.0, 0.03277688
0.38264754, 0.79701042
-0.13612105, -1e-08, 0.14465351
-0.96490371, 0.0, -0.26248971
0.38269073, 0.72233659
-0.13298996, 0.12005686, 0.20794389
-0.99942017, 0.00875881, 0.03277688
0.28874749, 0.77179128
-0.13612105, 0.07232676, 0.1252732
-0.96252328, -0.19168676, -0.19168676
0.32602292, 0.70708638
-0.13298996, 0.12005686, 0.20794389
-0.99942017, 0.02398755, 0.02398755
0.28856105, 0.77168328
-0.13298996, 0.20794387, 0.12005686
-0.99945068, 0.02838221, 0.01638844
0.3824259, 0.7970292
-0.13298996, 0.24011374, 0.0
-0.99942017, 0.03277688, 0.00875881
0.47638932, 0.77204728
-0.13612105, 0.1446535, 0.0
-0.96490371, -0.26248971, 0.0
0.43917769, 0.70730561
-0.13298996, 0.24011374, 0.0
-0.99942017, 0.03277688, -0.00875881
0.47637242, 0.772057
-0.13298996, 0.20794387, -0.12005687
-0.99945068, 0.02838221, -0.01638844
0.38240901, 0.79703885
-0.13612105, 0.12527318, -0.07232676
-0.96490371, -0.22733238, 0.13126011
0.38255376, 0.72236544
-0.13298996, 0.12005686, -0.20794392
-0.99942017, 0.02398755, -0.02398755
0.28854412, 0.77169299
-0.13298996, 0.12005686, -0.20794392
-0.99942017, 0.00875881, -0.03277688
0.28884155, 0.77186513
-0.13298996, -1e-08, -0.24011372
-0.99945068, 0.0, -0.03277688
0.38275614, 0.79702991
-0.13612105, -1e-08, -0.14465351
-0.96490371, 0.0, 0.26248971
0.38275614, 0.72235614
-0.13298996, -0.12005688, -0.20794392
-0.99942017, -0.00875881, -0.03277688
0.47667068, 0.77186513
-0.13612105, -0.07232676, -0.12527321
-0.96490371, 0.13126011, 0.22733238
0.43930072, 0.70721501
-0.13298996, -0.12005688, -0.20794392
-0.99942017, -0.02398755, -0.02398755
0.47659352, 0.77190971
-0.13298996, -0.2079439, -0.12005687
-0.99945068, -0.02838221, -0.01638844
0.38266259, 0.79700989
-0.13298996, -0.24011371, 0.0
-0.99942017, -0.03277688, -0.00875881
0.28876483, 0.77178222
-0.03956146, -0.02999637, 0.0
-0.99996948, 0.0, 0.0
0.3710438, 0.58888787
-0.03956146, -0.02597753, -0.01499819
-1.0, 0.0, 0.0
0.382774, 0.58573624
-0.03956146, -0.06927343, -0.03999516
-0.99148536, 0.11267434, 0.06503494
0.38274753, 0.54662856
-0.03956146, 0.06927342, 0.03999515
-0.99148536, -0.11267434, -0.06503494
0.38266867, 0.54660904
-0.03956146, 0.02597752, 0.01499818
-1.0, 0.0, 0.0
0.38274446, 0.58571669
-0.03956146, 0.01499818, 0.02597752
-1.0, 0.0, 0.0
0.37101832, 0.58888307
-0.13612105, 0.1446535, 0.0
-0.96490371, -0.26248971, 0.0
0.48089486, 0.55281311
-0.13612105, 0.12527318, -0.07232676
-0.96490371, -0.22733238, 0.13126011
0.49595469, 0.60943705
-0.12450616, 0.11274589, -0.06509409
-0.77971739, -0.54219186, 0.31302837
0.48463923, 0.60941511
-0.03956146, 0.02999637, 0.0
-1.0, 0.0, 0.0
0.39448288, 0.58883759
-0.13612105, 0.07232676, -0.12527321
-0.96252328, -0.19168676, 0.19168676
0.48068535, 0.66598481
-0.12450616, -0.13018817, 0.0
-0.77971739, 0.62608725, 0.0
0.47092205, 0.66019753
-0.13612105, -0.14465353, 0.0
-0.96490371, 0.26248971, 0.0
0.48071772, 0.66586196
-0.13612105, -0.1252732, 0.07232675
-0.96490371, 0.22733238, -0.13126011
0.49591577, 0.60929441
-0.03956146, 0.06927342, -0.03999516
-0.99148536, -0.11267434, 0.06503494
0.38265181, 0.54659933
-0.03956146, 0.02597752, -0.01499819
-0.99996948, 0.0, 0.0
0.38272756, 0.58570698
-0.13612105, 0.07232676, -0.12527321
-0.96252328, -0.07016205, 0.26184881
0.48078516, 0.66581237
-0.13612105, -1e-08, -0.14465351
-0.96490371, 0.0, 0.26248971
0.49594539, 0.60923466
-0.12450616, -1e-08, -0.13018817
-0.77971739, 0.0, 0.62608725
0.48462987, 0.60923466
-0.13612105, -0.07232676, 0.1252732
-0.96490371, 0.13126011, -0.22733238
0.48079449, 0.55270696
-0.12450616, -0.06509409, 0.11274589
-0.77971739, 0.31302837, -0.54219186
0.47099108, 0.55835807
-0.03956146, 0.03999515, -0.06927341
-0.99087495, -0.09518723, 0.09518723
0.35138211, 0.55504301
-0.03956146, 0.01499818, -0.02597753
-1.0, 0.0, 0.0
0.37100139, 0.58887336
-0.13612105, -0.07232676, -0.12527321
-0.96490371, 0.13126011, 0.22733238
0.48080426, 0.55269009
-0.03956146, -0.06927343, 0.03999515
-0.99148536, 0.11267434, -0.06503494
0.38273066, 0.54663831
-0.03956146, -0.02597753, 0.01499818
-1.0, 0.0, 0.0
0.38275716, 0.58574602
-0.13612105, -1e-08, 0.14465351
-0.96490371, 0.0, -0.26248971
0.49592584, 0.60930008
-0.12450616, -1e-08, 0.13018817
-0.77971739, 0.0, -0.62608725
0.48461038, 0.60929352
-0.03956146, -1e-08, -0.02999637
-1.0, 0.0, 0.0
0.38275614, 0.58571663
-0.03956146, 0.03999515, -0.06927341
-0.99087495, -0.03482162, 0.13000885
0.35146987, 0.5549922
-0.12450616, -0.06509409, -0.1127459
-0.7689749, 0.45200965, 0.45200965
0.47100082, 0.55834123
-0.13612105, -0.1252732, -0.07232676
-0.96490371, 0.22733238, 0.13126011
0.49592561, 0.60927755
-0.03956146, -0.03999516, 0.06927341
-0.99148536, 0.06503494, -0.11267434
0.41402233, 0.55500007
-0.03956146, -0.01499819, 0.02597752
-1.0, 0.0, 0.0
0.39449152, 0.58888167
-0.13612105, 0.07232676, 0.1252732
-0.96252328, -0.07016205, -0.26184881
0.48073289, 0.66586903
-0.03956146, -0.03999516, -0.06927341
-0.99148536, 0.06503494, 0.11267434
0.41404238, 0.5549922
-0.03956146, -0.01499819, -0.02597753
-1.0, 0.0, 0.0
0.39448845, 0.58886039
-0.03956146, -1e-08, 0.02999637
-1.0, 0.0, 0.0
0.38274255, 0.58573619
-0.12450616, 0.06509408, 0.11274589
-0.7689749, -0.45200965, -0.45200965
0.47088709, 0.66029117
-0.13612105, 0.07232676, 0.1252732
-0.96252328, -0.19168676, -0.19168676
0.48067564, 0.66596788
-0.13612105, 0.12527318, 0.07232675
-0.96490371, -0.22733238, -0.13126011
0.49594498, 0.60942015
-0.03956146, 0.03999515, 0.06927341
-0.99087495, -0.03482162, -0.13000885
0.35143855, 0.55502978
-0.12450616, 0.13018812, 0.0
-0.77971739, -0.62608725, 0.0
0.47108445, 0.55845186
-0.05100062, 0.06509408, -0.1127459
-0.97326577, -0.16235846, 0.16235846
0.33168274, 0.52107462
-0.05100062, 0.06509408, -0.1127459
-0.97326577, -0.05941954, 0.22177801
0.33183619, 0.52098584
-0.05100062, -1e-08, -0.13018817
-0.97497481, 0.0, 0.22217475
0.38275614, 0.50734156
-0.03956146, -1e-08, -0.07999032
-0.99148536, 0.0, 0.1301004
0.38275614, 0.54660887
-0.05100062, -0.06509409, -0.1127459
-0.97326577, 0.05941954, 0.22177801
0.43367603, 0.52098584
-0.05100062, -0.06509409, -0.1127459
-0.97326577, 0.16235846, 0.16235846
0.43364957, 0.52097061
-0.05100062, -0.1127459, -0.06509409
-0.97497481, 0.19238868, 0.11108737
0.38272086, 0.50736141
-0.05100062, -0.13018821, 0.0
-0.97497481, 0.22217475, 0.0
0.33181012, 0.52103966
-0.03956146, -0.07999031, 0.0
-0.99148536, 0.1301004, 0.0
0.35146689, 0.55503282
-0.05100062, -0.1127459, 0.06509408
-0.97497481, 0.19238868, -0.11108737
0.38270402, 0.50737113
-0.05100062, -0.06509409, 0.11274589
-0.97497481, 0.11108737, -0.19238868
0.43363273, 0.52098036
-0.05100062, -1e-08, 0.13018817
-0.97497481, 0.0, -0.22217475
0.38269728, 0.50736105
-0.03956146, -1e-08, 0.07999031
-0.99148536, 0.0, -0.1301004
0.38271999, 0.54662839
-0.05100062, 0.06509408, 0.11274589
-0.97326577, -0.05941954, -0.22177801
0.33178523, 0.52103481
-0.05100062, 0.06509408, 0.11274589
-0.97326577, -0.16235846, -0.16235846
0.33169964, 0.52108434
-0.05100062, 0.11274589, 0.06509408
-0.97497481, -0.19238868, -0.11108737
0.38259256, 0.50734192
-0.05100062, 0.13018812, 0.0
-0.97497481, -0.22217475, 0.0
0.43353894, 0.52088699
-0.03956146, 0.07999031, 0.0
-0.99148536, -0.1301004, 0.0
0.41397116, 0.55493146
-0.05100062, 0.11274589, -0.06509409
-0.97497481, -0.19238868, 0.11108737
0.38257569, 0.50733221
-0.00774782, -0.12005688, -0.20794392
0.99987793, -0.0077517, -0.01342814
0.7122122, 0.77186382
-0.00448575, -0.02597753, -0.01499819
0.98297065, -0.15900144, -0.09179968
0.78580964, 0.62092406
-0.00774782, -0.2079439, -0.12005687
0.99987793, -0.01342814, -0.0077517
0.6434589, 0.70311052
-0.00448575, -1e-08, -0.02999637
0.98297065, 0.0, -0.18359935
0.8061316, 0.63265699
-0.00774782, -1e-08, -0.24011372
0.99987793, 0.0, -0.0155034
0.8061316, 0.79702991
-0.00448575, 0.02597752, 0.01499818
0.98297065, 0.15900144, 0.09179968
0.82645357, 0.59745818
-0.00774782, 0.12005686, 0.20794389
0.99987793, 0.0077517, 0.01342814
0.900051, 0.44651848
-0.00448575, 0.01499818, 0.02597752
0.98297065, 0.09179968, 0.15900144
0.81786454, 0.58886915
-0.00448575, 0.02999637, 0.0
0.98297065, 0.18359935, 0.0
0.82959747, 0.60919112
-0.00774782, 0.20794387, 0.12005686
0.99987793, 0.01342814, 0.0077517
0.96880424, 0.51527172
-0.00448575, -0.02999637, 0.0
0.98297065, -0.18359935, 0.0
0.78266573, 0.60919112
-0.00774782, -0.2079439, 0.12005686
0.99987793, -0.01342814, 0.0077517
0.6434589, 0.51527172
-0.00774782, -0.24011371, 0.0
0.99987793, -0.0155034, 0.0
0.61829281, 0.60919112
-0.00448575, -1e-08, 0.02999637
0.98297065, 0.0, 0.18359935
0.8061316, 0.58572525
-0.00774782, -0.12005688, 0.20794389
0.99987793, -0.0077517, 0.01342814
0.7122122, 0.44651848
-0.00448575, -0.01499819, 0.02597752
0.98297065, -0.09179968, 0.15900144
0.79439867, 0.58886915
-0.00774782, 0.20794387, -0.12005687
0.99987793, 0.01342814, -0.0077517
0.96880424, 0.70311052
-0.00448575, 0.01499818, -0.02597753
0.98297065, 0.09179968, -0.15900144
0.81786454, 0.62951308
-0.00774782, 0.12005686, -0.20794392
0.99987793, 0.0077517, -0.01342814
0.900051, 0.77186382
-0.13612105, -0.07232676, 0.1252732
-0.96490371, 0.13126011, -0.22733238
0.43928385, 0.70720524
-0.13612105, 0.07232676, 0.1252732
-0.96252328, -0.07016205, -0.26184881
0.32612178, 0.70714363
-0.13612105, 0.12527318, 0.07232675
-0.96490371, -0.22733238, -0.13126011
0.38257065, 0.72235572
-0.13612105, 0.07232676, -0.12527321
-0.96252328, -0.19168676, 0.19168676
0.326006, 0.7070961
-0.13612105, 0.07232676, -0.12527321
-0.96252328, -0.07016205, 0.26184881
0.32617843, 0.70719591
-0.13612105, -0.1252732, -0.07232676
-0.96490371, 0.22733238, 0.13126011
0.38271326, 0.72233635
-0.03956146, 0.03999515, 0.06927341
-0.99087495, -0.09518723, -0.09518723
0.35139894, 0.5550527
-0.12450616, 0.06509408, -0.1127459
-0.7689749, -0.45200965, 0.45200965
0.47089681, 0.66030806
-0.12450616, -0.1127459, 0.06509408
-0.77971739, 0.54219186, -0.31302837
0.48460031, 0.60928679
-0.12450616, 0.06509408, -0.1127459
-0.7689749, -0.16544084, 0.61745048
0.47098559, 0.66015461
-0.12450616, -0.1127459, -0.06509409
-0.77971739, 0.54219186, 0.31302837
0.48461002, 0.60926995
-0.12450616, 0.06509408, 0.11274589
-0.7689749, -0.16544084, -0.61745048
0.47093663, 0.66020557
-0.12450616, 0.11274589, 0.06509408
-0.77971739, -0.54219186, -0.31302837
0.48462951, 0.60939825
-0.00774782, 0.24011374, 0.0
0.99987793, 0.0155034, 0.0
0.99397039, 0.60919112
-0.00448575, -0.02597753, 0.01499818
0.98297065, -0.15900144, 0.09179968
0.78580964, 0.59745818
0.0, 0.01727356, 0.00997293
0.0, 0.86602372, 0.49998474
0.81964457, 0.60138941
0.0, -0.01994588, 0.0
0.0, -1.0, 0.0
0.79052812, 0.60919112
0.0, -0.00997295, 0.01727357
0.0, -0.49998474, 0.86602372
0.79832983, 0.59567815
0.0, 0.01994586, 0.0
0.0, 1.0, 0.0
0.82173508, 0.60919112
0.0, -1e-08, -0.01994587
0.0, 0.0, -1.0
0.8061316, 0.6247946
-0.00448575, -0.01499819, -0.02597753
0.98297065, -0.09179968, -0.15900144
0.79439867, 0.62951308
-0.00448575, 0.02597752, -0.01499819
0.98297065, 0.15900144, -0.09179968
0.82645357, 0.62092406
0.0, -1e-08, 0.01994587
0.0, 0.0, 1.0
0.8061316, 0.5935877
0.0, 0.01727356, -0.00997294
0.0, 0.86602372, -0.49998474
0.81964457, 0.61699289
0.0, -0.00997295, -0.01727357
0.0, -0.49998474, -0.86602372
0.79832983, 0.62270409
-0.03956146, -0.02597753, 0.01499818
-0.02847377, -0.86565751, 0.49977112
0.36247733, 0.66514638
-0.08021207, -0.02883798, 0.0
-0.02847377, -0.99957275, 0.0
0.36024439, 0.63341331
-0.03956146, -0.02999637, 0.0
-0.02847377, -0.99957275, 0.0
0.35934013, 0.66514638
-0.03956146, -0.01499819, 0.02597752
-0.02847377, -0.49977112, 0.86565751
0.37104815, 0.66514638
-0.08021207, -0.02497433, 0.01441898
-0.02847377, -0.86565751, 0.49977112
0.36326045, 0.63341331
-0.03956146, -1e-08, 0.02999637
-0.02847377, 0.0, 0.99957275
0.38275614, 0.66514638
-0.08021207, -0.014419, 0.02497433
-0.02847377, -0.49977112, 0.86565751
0.37150025, 0.63341331
-0.03956146, 0.01499818, 0.02597752
-0.02847377, 0.49977112, 0.86565751
0.39446416, 0.66514638
-0.08021207, -1e-08, 0.02883797
-0.02847377, 0.0, 0.99957275
0.38275614, 0.63341331
-0.03956146, 0.02597752, 0.01499818
-0.02847377, 0.86565751, 0.49977112
0.40303496, 0.66514638
-0.08021207, 0.01441897, 0.02497433
-0.02847377, 0.49977112, 0.86565751
0.39401203, 0.63341331
-0.08021207, 0.02883796, 0.0
-0.02847377, 0.99957275, 0.0
0.40526789, 0.63341331
-0.08021207, 0.02497432, 0.01441898
-0.02847377, 0.86565751, 0.49977112
0.40225184, 0.63341331
-0.03956146, 0.02597752, -0.01499819
-0.02847377, 0.86565751, -0.49977112
0.40303496, 0.66514638
-0.03956146, 0.02999637, 0.0
-0.02847377, 0.99957275, 0.0
0.40617219, 0.66514638
-0.03956146, 0.01499818, -0.02597753
-0.02847377, 0.49977112, -0.86565751
0.39446416, 0.66514638
-0.08021207, 0.02497432, -0.01441899
-0.02847377, 0.86565751, -0.49977112
0.40225184, 0.63341331
-0.03956146, -1e-08, -0.02999637
-0.02847377, 0.0, -0.99957275
0.38275614, 0.66514638
-0.08021207, 0.01441897, -0.02497433
-0.02847377, 0.49977112, -0.86565751
0.39401203, 0.63341331
-0.08021207, -0.014419, -0.02497433
-0.02847377, -0.49977112, -0.86565751
0.37150025, 0.63341331
-0.08021207, -1e-08, -0.02883797
-0.02847377, 0.0, -0.99957275
0.38275614, 0.63341331
-0.03956146, -0.02597753, -0.01499819
-0.02847377, -0.86565751, -0.49977112
0.36247733, 0.66514638
-0.03956146, -0.01499819, -0.02597753
-0.02847377, -0.49977112, -0.86565751
0.37104815, 0.66514638
-0.08021207, -0.02497434, -0.01441898
-0.02847377, -0.86565751, -0.49977112
0.36326045, 0.63341331
-0.12450616, 0.11274589, 0.06509408
0.0, -0.86602372, -0.49998474
0.29277644, 0.42027295
-0.05100062, 0.13018812, 0.0
0.0, -1.0, 0.0
0.27885625, 0.47893584
-0.05100062, 0.11274589, 0.06509408
0.0, -0.86602372, -0.49998474
0.29277644, 0.47893584
-0.05100062, 0.06509408, 0.11274589
0.0, -0.49998474, -0.86602372
0.33080614, 0.47893584
-0.12450616, -1e-08, 0.13018817
0.0, 0.0, -1.0
0.38275599, 0.42027295
-0.12450616, 0.06509408, 0.11274589
0.0, -0.49998474, -0.86602372
0.33080614, 0.42027295
-0.05100062, -0.06509409, 0.11274589
0.0, 0.49998474, -0.86602372
0.43470585, 0.47893584
-0.05100062, -1e-08, 0.13018817
0.0, 0.0, -1.0
0.38275599, 0.47893584
-0.12450616, -0.1127459, 0.06509408
0.0, 0.86602372, -0.49998474
0.47273555, 0.42027295
-0.05100062, -0.1127459, 0.06509408
0.0, 0.86602372, -0.49998474
0.47273555, 0.47893584
-0.05100062, -0.13018821, 0.0
0.0, 1.0, 0.0
0.48665574, 0.47893584
-0.12450616, -0.13018817, 0.0
0.0, 1.0, 0.0
0.48665574, 0.42027295
-0.12450616, -0.1127459, -0.06509409
0.0, 0.86602372, 0.49998474
0.47273555, 0.42027295
-0.05100062, -0.1127459, -0.06509409
0.0, 0.86602372, 0.49998474
0.47273555, 0.47893584
-0.05100062, -0.06509409, -0.1127459
0.0, 0.49998474, 0.86602372
0.43470585, 0.47893584
-0.12450616, -1e-08, -0.13018817
0.0, 0.0, 1.0
0.38275599, 0.42027295
-0.12450616, -0.06509409, -0.1127459
0.0, 0.49998474, 0.86602372
0.43470585, 0.42027295
-0.12450616, 0.06509408, -0.1127459
0.0, -0.49998474, 0.86602372
0.33080614, 0.42027295
-0.05100062, -1e-08, -0.13018817
0.0, 0.0, 1.0
0.38275599, 0.47893584
-0.05100062, 0.06509408, -0.1127459
0.0, -0.49998474, 0.86602372
0.33080614, 0.47893584
-0.12450616, 0.11274589, -0.06509409
0.0, -0.86602372, 0.49998474
0.29277644, 0.42027295
-0.12450616, 0.13018812, 0.0
0.0, -1.0, 0.0
0.27885625, 0.42027295
-0.05100062, 0.11274589, -0.06509409
0.0, -0.86602372, 0.49998474
0.29277644, 0.47893584
0.13298996, -0.24011371, 0.0
0.0, -1.0, 0.0
0.03126602, 0.8216515
0.00774782, -0.2079439, -0.12005687
0.0, -0.86602372, -0.49998474
0.1641642, 0.74026707
0.13298996, -0.2079439, -0.12005687
0.0, -0.86602372, -0.49998474
0.03126605, 0.74026701
0.00774782, -0.24011371, 0.0
0.0, -1.0, 0.0
0.16416416, 0.82165153
0.00774782, -0.12005688, -0.20794392
0.0, -0.49998474, -0.86602372
0.16416427, 0.65888327
0.13298996, -0.12005688, -0.20794392
0.0, -0.49998474, -0.86602372
0.03126608, 0.65888327
0.00774782, -1e-08, -0.24011372
0.0, 0.0, -1.0
0.16416427, 0.57749879
0.13298996, -1e-08, -0.24011372
0.0, 0.0, -1.0
0.03126611, 0.57749876
0.00774782, 0.12005686, -0.20794392
0.0, 0.49998474, -0.86602372
0.16416432, 0.49611425
0.13298996, 0.12005686, -0.20794392
0.0, 0.49998474, -0.86602372
0.03126618, 0.49611419
0.00774782, 0.20794387, -0.12005687
0.0, 0.86602372, -0.49998474
0.16416441, 0.41473043
0.13298996, 0.20794387, -0.12005687
0.0, 0.86602372, -0.49998474
0.03126621, 0.41473037
0.00774782, 0.24011374, 0.0
0.0, 1.0, 0.0
0.16416441, 0.33334589
0.13298996, 0.24011374, 0.0
0.0, 1.0, 0.0
0.03126624, 0.33334589
0.00774782, 0.20794387, 0.12005686
0.0, 0.86602372, 0.49998474
0.16416441, 0.25196141
0.13298996, 0.20794387, 0.12005686
0.0, 0.86602372, 0.49998474
0.03126627, 0.25196135
0.00774782, 0.12005686, 0.20794389
0.0, 0.49998474, 0.86602372
0.16416447, 0.17057759
0.13298996, 0.12005686, 0.20794389
0.0, 0.49998474, 0.86602372
0.03126632, 0.17057759
0.00774782, -1e-08, 0.24011372
0.0, 0.0, 1.0
0.16416447, 0.08919305
0.13298996, -1e-08, 0.24011372
0.0, 0.0, 1.0
0.03126632, 0.08919305
0.00774782, -0.12005688, 0.20794389
0.0, -0.25879696, 0.96591085
0.16416447, 0.00780857
0.13298996, -0.12005688, 0.20794389
0.0, -0.25879696, 0.96591085
0.03126632, 0.00780857
0.13298996, -0.12005688, 0.20794389
0.0, -0.70708334, 0.70708334
0.03126593, 0.98441978
0.00774782, -0.2079439, 0.12005686
0.0, -0.86602372, 0.49998474
0.16416416, 0.90303607
0.13298996, -0.2079439, 0.12005686
0.0, -0.86602372, 0.49998474
0.03126599, 0.90303607
0.00774782, -0.12005688, 0.20794389
0.0, -0.70708334, 0.70708334
0.1641641, 0.98441978
0.08021207, -0.02497434, -0.01441898
1.0, 0.0, 0.0
0.38278234, 0.63199949
0.08021207, -1e-08, 0.0
0.99996948, 0.0, 0.0
0.38278997, 0.60918137
0.08021207, -0.02883798, 0.0
1.0, 0.0, 0.0
0.37137297, 0.62893417
0.08021207, -0.014419, -0.02497433
1.0, 0.0, 0.0
0.39419571, 0.62894952
0.08021207, -1e-08, -0.02883797
1.0, 0.0, 0.0
0.38274834, 0.63202813
0.08021207, -0.014419, -0.02497433
1.0, 0.0, 0.0
0.39415962, 0.62897038
0.08021207, 0.01441897, -0.02497433
1.0, 0.0, 0.0
0.37133688, 0.62897038
0.08021207, 0.02497432, -0.01441899
1.0, 0.0, 0.0
0.38272879, 0.63204238
0.08021207, 0.02883796, 0.0
1.0, 0.0, 0.0
0.39414614, 0.6290068
0.08021207, 0.02497432, 0.01441898
0.99996948, 0.0, 0.0
0.38275355, 0.63202813
0.08021207, 0.02883796, 0.0
1.0, 0.0, 0.0
0.39417082, 0.62899265
0.08021207, 0.01441897, 0.02497433
1.0, 0.0, 0.0
0.37134811, 0.62894845
0.08021207, -1e-08, 0.02883797
1.0, 0.0, 0.0
0.3827351, 0.63199961
0.08021207, -0.014419, 0.02497433
1.0, 0.0, 0.0
0.3941482, 0.62894845
0.08021207, -0.02497433, 0.01441898
1.0, 0.0, 0.0
0.3827576, 0.63198519
0.08021207, -0.014419, 0.02497433
1.0, 0.0, 0.0
0.39417103, 0.62893534
0.08021207, -0.02883798, 0.0
1.0, 0.0, 0.0
0.3713482, 0.62891993
0.13612105, -0.14465353, 0.0
0.96490371, 0.26248971, 0.0
0.32612884, 0.70712847
0.13298996, -0.2079439, 0.12005686
0.99945068, -0.02838221, 0.01638844
0.38264573, 0.79700011
0.13298996, -0.24011371, 0.0
0.99942017, -0.03277688, 0.00875881
0.288748, 0.7717725
0.13612105, -0.1252732, 0.07232675
0.96490371, 0.22733238, -0.13126011
0.38269639, 0.72232652
0.13298996, -0.12005688, 0.20794389
0.99945068, -0.01638844, 0.02838221
0.4765766, 0.77189994
0.13612105, -1e-08, 0.14465351
0.96490371, 0.0, -0.26248971
0.38269073, 0.72233659
0.13298996, -1e-08, 0.24011372
0.99945068, 0.0, 0.03277688
0.38264754, 0.79701042
0.13298996, 0.12005686, 0.20794389
0.99942017, 0.00875881, 0.03277688
0.28874749, 0.77179128
0.13612105, 0.07232676, 0.1252732
0.96252328, -0.19168676, -0.19168676
0.32602292, 0.70708638
0.13298996, 0.20794387, 0.12005686
0.99945068, 0.02838221, 0.01638844
0.3824259, 0.7970292
0.13298996, 0.12005686, 0.20794389
0.99942017, 0.02398755, 0.02398755
0.28856105, 0.77168328
0.13612105, 0.1446535, 0.0
0.96490371, -0.26248971, 0.0
0.43917769, 0.70730561
0.13298996, 0.24011374, 0.0
0.99942017, 0.03277688, 0.00875881
0.47638932, 0.77204728
0.13298996, 0.20794387, -0.12005687
0.99945068, 0.02838221, -0.01638844
0.38240901, 0.79703885
0.13298996, 0.24011374, 0.0
0.99942017, 0.03277688, -0.00875881
0.47637242, 0.772057
0.13612105, 0.12527318, -0.07232676
0.96490371, -0.22733238, 0.13126011
0.38255376, 0.72236544
0.13298996, 0.12005686, -0.20794392
0.99942017, 0.02398755, -0.02398755
0.28854412, 0.77169299
0.13298996, 0.12005686, -0.20794392
0.99942017, 0.00875881, -0.03277688
0.28884155, 0.77186513
0.13612105, -1e-08, -0.14465351
0.96490371, 0.0, 0.26248971
0.38275614, 0.72235614
0.13298996, -1e-08, -0.24011372
0.99945068, 0.0, -0.03277688
0.38275614, 0.79702991
0.13298996, -0.12005688, -0.20794392
0.99942017, -0.00875881, -0.03277688
0.47667068, 0.77186513
0.13612105, -0.07232676, -0.12527321
0.96490371, 0.13126011, 0.22733238
0.43930072, 0.70721501
0.13298996, -0.2079439, -0.12005687
0.99945068, -0.02838221, -0.01638844
0.38266259, 0.79700989
0.13298996, -0.12005688, -0.20794392
0.99942017, -0.02398755, -0.02398755
0.47659352, 0.77190971
0.13298996, -0.24011371, 0.0
0.99942017, -0.03277688, -0.00875881
0.28876483, 0.77178222
0.03956146, -0.02999637, 0.0
0.99996948, 0.0, 0.0
0.3710438, 0.58888787
0.03956146, -0.06927343, -0.03999516
0.99148536, 0.11267434, 0.06503494
0.38274753, 0.54662856
0.03956146, -0.02597753, -0.01499819
1.0, 0.0, 0.0
0.382774, 0.58573624
0.03956146, 0.06927342, 0.03999515
0.99148536, -0.11267434, -0.06503494
0.38266867, 0.54660904
0.03956146, 0.01499818, 0.02597752
1.0, 0.0, 0.0
0.37101832, 0.58888307
0.03956146, 0.02597752, 0.01499818
1.0, 0.0, 0.0
0.38274446, 0.58571669
0.13612105, 0.1446535, 0.0
0.96490371, -0.26248971, 0.0
0.48089486, 0.55281311
0.12450616, 0.11274589, -0.06509409
0.77971739, -0.54219186, 0.31302837
0.48463923, 0.60941511
0.13612105, 0.12527318, -0.07232676
0.96490371, -0.22733238, 0.13126011
0.49595469, 0.60943705
0.03956146, 0.02999637, 0.0
1.0, 0.0, 0.0
0.39448288, 0.58883759
0.13612105, 0.07232676, -0.12527321
0.96252328, -0.19168676, 0.19168676
0.48068535, 0.66598481
0.12450616, -0.13018817, 0.0
0.77971739, 0.62608725, 0.0
0.47092205, 0.66019753
0.13612105, -0.1252732, 0.07232675
0.96490371, 0.22733238, -0.13126011
0.49591577, 0.60929441
0.13612105, -0.14465353, 0.0
0.96490371, 0.26248971, 0.0
0.48071772, 0.66586196
0.03956146, 0.06927342, -0.03999516
0.99148536, -0.11267434, 0.06503494
0.38265181, 0.54659933
0.03956146, 0.02597752, -0.01499819
0.99996948, 0.0, 0.0
0.38272756, 0.58570698
0.13612105, 0.07232676, -0.12527321
0.96252328, -0.07016205, 0.26184881
0.48078516, 0.66581237
0.12450616, -1e-08, -0.13018817
0.77971739, 0.0, 0.62608725
0.48462987, 0.60923466
0.13612105, -1e-08, -0.14465351
0.96490371, 0.0, 0.26248971
0.49594539, 0.60923466
0.12450616, -0.06509409, 0.11274589
0.77971739, 0.31302837, -0.54219186
0.47099108, 0.55835807
0.13612105, -0.07232676, 0.1252732
0.96490371, 0.13126011, -0.22733238
0.48079449, 0.55270696
0.03956146, 0.03999515, -0.06927341
0.99087495, -0.09518723, 0.09518723
0.35138211, 0.55504301
0.03956146, 0.01499818, -0.02597753
1.0, 0.0, 0.0
0.37100139, 0.58887336
0.13612105, -0.07232676, -0.12527321
0.96490371, 0.13126011, 0.22733238
0.48080426, 0.55269009
0.03956146, -0.06927343, 0.03999515
0.99148536, 0.11267434, -0.06503494
0.38273066, 0.54663831
0.03956146, -0.02597753, 0.01499818
1.0, 0.0, 0.0
0.38275716, 0.58574602
0.12450616, -1e-08, 0.13018817
0.77971739, 0.0, -0.62608725
0.48461038, 0.60929352
0.13612105, -1e-08, 0.14465351
0.96490371, 0.0, -0.26248971
0.49592584, 0.60930008
0.03956146, -1e-08, -0.02999637
1.0, 0.0, 0.0
0.38275614, 0.58571663
0.03956146, 0.03999515, -0.06927341
0.99087495, -0.03482162, 0.13000885
0.35146987, 0.5549922
0.12450616, -0.06509409, -0.1127459
0.7689749, 0.45200965, 0.45200965
0.47100082, 0.55834123
0.13612105, -0.1252732, -0.07232676
0.96490371, 0.22733238, 0.13126011
0.49592561, 0.60927755
0.03956146, -0.03999516, 0.06927341
0.99148536, 0.06503494, -0.11267434
0.41402233, 0.55500007
0.03956146, -0.01499819, 0.02597752
1.0, 0.0, 0.0
0.39449152, 0.58888167
0.13612105, 0.07232676, 0.1252732
0.96252328, -0.07016205, -0.26184881
0.48073289, 0.66586903
0.03956146, -0.03999516, -0.06927341
0.99148536, 0.06503494, 0.11267434
0.41404238, 0.5549922
0.03956146, -0.01499819, -0.02597753
1.0, 0.0, 0.0
0.39448845, 0.58886039
0.03956146, -1e-08, 0.02999637
1.0, 0.0, 0.0
0.38274255, 0.58573619
0.12450616, 0.06509408, 0.11274589
0.7689749, -0.45200965, -0.45200965
0.47088709, 0.66029117
0.13612105, 0.12527318, 0.07232675
0.96490371, -0.22733238, -0.13126011
0.49594498, 0.60942015
0.13612105, 0.07232676, 0.1252732
0.96252328, -0.19168676, -0.19168676
0.48067564, 0.66596788
0.03956146, 0.03999515, 0.06927341
0.99087495, -0.03482162, -0.13000885
0.35143855, 0.55502978
0.12450616, 0.13018812, 0.0
0.77971739, -0.62608725, 0.0
0.47108445, 0.55845186
0.05100062, 0.06509408, -0.1127459
0.97326577, -0.16235846, 0.16235846
0.33168274, 0.52107462
0.05100062, 0.06509408, -0.1127459
0.97326577, -0.05941954, 0.22177801
0.33183619, 0.52098584
0.03956146, -1e-08, -0.07999032
0.99148536, 0.0, 0.1301004
0.38275614, 0.54660887
0.05100062, -1e-08, -0.13018817
0.97497481, 0.0, 0.22217475
0.38275614, 0.50734156
0.05100062, -0.06509409, -0.1127459
0.97326577, 0.05941954, 0.22177801
0.43367603, 0.52098584
0.05100062, -0.06509409, -0.1127459
0.97326577, 0.16235846, 0.16235846
0.43364957, 0.52097061
0.05100062, -0.1127459, -0.06509409
0.97497481, 0.19238868, 0.11108737
0.38272086, 0.50736141
0.03956146, -0.07999031, 0.0
0.99148536, 0.1301004, 0.0
0.35146689, 0.55503282
0.05100062, -0.13018821, 0.0
0.97497481, 0.22217475, 0.0
0.33181012, 0.52103966
0.05100062, -0.1127459, 0.06509408
0.97497481, 0.19238868, -0.11108737
0.38270402, 0.50737113
0.05100062, -0.06509409, 0.11274589
0.97497481, 0.11108737, -0.19238868
0.43363273, 0.52098036
0.03956146, -1e-08, 0.07999031
0.99148536, 0.0, -0.1301004
0.38271999, 0.54662839
0.05100062, -1e-08, 0.13018817
0.97497481, 0.0, -0.22217475
0.38269728, 0.50736105
0.05100062, 0.06509408, 0.11274589
0.97326577, -0.05941954, -0.22177801
0.33178523, 0.52103481
0.05100062, 0.06509408, 0.11274589
0.97326577, -0.16235846, -0.16235846
0.33169964, 0.52108434
0.05100062, 0.11274589, 0.06509408
0.97497481, -0.19238868, -0.11108737
0.38259256, 0.50734192
0.03956146, 0.07999031, 0.0
0.99148536, -0.1301004, 0.0
0.41397116, 0.55493146
0.05100062, 0.13018812, 0.0
0.97497481, -0.22217475, 0.0
0.43353894, 0.52088699
0.05100062, 0.11274589, -0.06509409
0.97497481, -0.19238868, 0.11108737
0.38257569, 0.50733221
0.00448575, -0.02597753, -0.01499819
-0.98297065, -0.15900144, -0.09179968
0.78580964, 0.62092406
0.00774782, -0.12005688, -0.20794392
-0.99987793, -0.0077517, -0.01342814
0.7122122, 0.77186382
0.00774782, -0.2079439, -0.12005687
-0.99987793, -0.01342814, -0.0077517
0.6434589, 0.70311052
0.00448575, -1e-08, -0.02999637
-0.98297065, 0.0, -0.18359935
0.8061316, 0.63265699
0.00448575, -0.01499819, -0.02597753
-0.98297065, -0.09179968, -0.15900144
0.79439867, 0.62951308
0.00774782, 0.12005686, 0.20794389
-0.99987793, 0.0077517, 0.01342814
0.900051, 0.44651848
0.00448575, 0.02597752, 0.01499818
-0.98297065, 0.15900144, 0.09179968
0.82645357, 0.59745818
0.00448575, 0.01499818, 0.02597752
-0.98297065, 0.09179968, 0.15900144
0.81786454, 0.58886915
0.00448575, 0.02999637, 0.0
-0.98297065, 0.18359935, 0.0
0.82959747, 0.60919112
0.00774782, 0.20794387, 0.12005686
-0.99987793, 0.01342814, 0.0077517
0.96880424, 0.51527172
0.00774782, 0.24011374, 0.0
-0.99987793, 0.0155034, 0.0
0.99397039, 0.60919112
0.00448575, -0.02999637, 0.0
-0.98297065, -0.18359935, 0.0
0.78266573, 0.60919112
0.00774782, -0.2079439, 0.12005686
-0.99987793, -0.01342814, 0.0077517
0.6434589, 0.51527172
0.00448575, -0.02597753, 0.01499818
-0.98297065, -0.15900144, 0.09179968
0.78580964, 0.59745818
0.00774782, -0.24011371, 0.0
-0.99987793, -0.0155034, 0.0
0.61829281, 0.60919112
0.00448575, -1e-08, 0.02999637
-0.98297065, 0.0, 0.18359935
0.8061316, 0.58572525
0.00774782, -0.12005688, 0.20794389
-0.99987793, -0.0077517, 0.01342814
0.7122122, 0.44651848
0.00774782, -1e-08, 0.24011372
-0.99987793, 0.0, 0.0155034
0.8061316, 0.42135233
0.00774782, 0.12005686, -0.20794392
-0.99987793, 0.0077517, -0.01342814
0.900051, 0.77186382
0.00448575, 0.02597752, -0.01499819
-0.98297065, 0.15900144, -0.09179968
0.82645357, 0.62092406
0.00774782, 0.20794387, -0.12005687
-0.99987793, 0.01342814, -0.0077517
0.96880424, 0.70311052
0.13612105, -0.07232676, 0.1252732
0.96490371, 0.13126011, -0.22733238
0.43928385, 0.70720524
0.13612105, 0.07232676, 0.1252732
0.96252328, -0.07016205, -0.26184881
0.32612178, 0.70714363
0.13612105, 0.12527318, 0.07232675
0.96490371, -0.22733238, -0.13126011
0.38257065, 0.72235572
0.13612105, 0.07232676, -0.12527321
0.96252328, -0.19168676, 0.19168676
0.326006, 0.7070961
0.13612105, 0.07232676, -0.12527321
0.96252328, -0.07016205, 0.26184881
0.32617843, 0.70719591
0.13612105, -0.1252732, -0.07232676
0.96490371, 0.22733238, 0.13126011
0.38271326, 0.72233635
0.03956146, 0.03999515, 0.06927341
0.99087495, -0.09518723, -0.09518723
0.35139894, 0.5550527
0.12450616, 0.06509408, -0.1127459
0.7689749, -0.45200965, 0.45200965
0.47089681, 0.66030806
0.12450616, -0.1127459, 0.06509408
0.77971739, 0.54219186, -0.31302837
0.48460031, 0.60928679
0.12450616, 0.06509408, -0.1127459
0.7689749, -0.16544084, 0.61745048
0.47098559, 0.66015461
0.12450616, -0.1127459, -0.06509409
0.77971739, 0.54219186, 0.31302837
0.48461002, 0.60926995
0.12450616, 0.06509408, 0.11274589
0.7689749, -0.16544084, -0.61745048
0.47093663, 0.66020557
0.12450616, 0.11274589, 0.06509408
0.77971739, -0.54219186, -0.31302837
0.48462951, 0.60939825
0.00774782, -1e-08, -0.24011372
-0.99987793, 0.0, -0.0155034
0.8061316, 0.79702991
0.00448575, -0.01499819, 0.02597752
-0.98297065, -0.09179968, 0.15900144
0.79439867, 0.58886915
0.0, 0.00997293, 0.01727357
0.0, 0.49998474, 0.86602372
0.81393337, 0.59567815
0.0, -0.01727358, 0.00997293
0.0, -0.86602372, 0.49998474
0.79261863, 0.60138941
0.0, -0.01727358, -0.00997294
0.0, -0.86602372, -0.49998474
0.79261863, 0.61699289
0.00448575, 0.01499818, -0.02597753
-0.98297065, 0.09179968, -0.15900144
0.81786454, 0.62951308
0.0, 0.00997293, -0.01727357
0.0, 0.49998474, -0.86602372
0.81393337, 0.62270409
0.08021207, -0.02883798, 0.0
0.02847377, -0.99957275, 0.0
0.36024439, 0.63341329
0.03956146, -0.02597753, 0.01499818
0.02847377, -0.86565751, 0.49977112
0.36247733, 0.66514635
0.03956146, -0.02999637, 0.0
0.02847377, -0.99957275, 0.0
0.35934013, 0.66514635
0.08021207, -0.02497433, 0.01441898
0.02847377, -0.86565751, 0.49977112
0.36326045, 0.63341329
0.03956146, -0.01499819, 0.02597752
0.02847377, -0.49977112, 0.86565751
0.37104815, 0.66514635
0.08021207, -0.014419, 0.02497433
0.02847377, -0.49977112, 0.86565751
0.37150025, 0.63341329
0.03956146, -1e-08, 0.02999637
0.02847377, 0.0, 0.99957275
0.38275614, 0.66514635
0.08021207, 0.01441897, 0.02497433
0.02847377, 0.49977112, 0.86565751
0.39401203, 0.63341329
0.03956146, 0.01499818, 0.02597752
0.02847377, 0.49977112, 0.86565751
0.39446416, 0.66514635
0.08021207, 0.02497432, 0.01441898
0.02847377, 0.86565751, 0.49977112
0.40225184, 0.63341329
0.03956146, 0.02597752, 0.01499818
0.02847377, 0.86565751, 0.49977112
0.40303496, 0.66514635
0.08021207, 0.02883796, 0.0
0.02847377, 0.99957275, 0.0
0.40526789, 0.63341329
0.03956146, 0.02999637, 0.0
0.02847377, 0.99957275, 0.0
0.40617219, 0.66514635
0.03956146, 0.02597752, -0.01499819
0.02847377, 0.86565751, -0.49977112
0.40303496, 0.66514635
0.08021207, 0.01441897, -0.02497433
0.02847377, 0.49977112, -0.86565751
0.39401203, 0.63341329
0.03956146, 0.01499818, -0.02597753
0.02847377, 0.49977112, -0.86565751
0.39446416, 0.66514635
0.08021207, -1e-08, -0.02883797
0.02847377, 0.0, -0.99957275
0.38275614, 0.63341329
0.03956146, -1e-08, -0.02999637
0.02847377, 0.0, -0.99957275
0.38275614, 0.66514635
0.03956146, -0.01499819, -0.02597753
0.02847377, -0.49977112, -0.86565751
0.37104815, 0.66514635
0.08021207, -0.014419, -0.02497433
0.02847377, -0.49977112, -0.86565751
0.37150025, 0.63341329
0.03956146, -0.02597753, -0.01499819
0.02847377, -0.86565751, -0.49977112
0.36247733, 0.66514635
0.08021207, -0.02497434, -0.01441898
0.02847377, -0.86565751, -0.49977112
0.36326045, 0.63341329
0.05100062, 0.13018812, 0.0
0.0, -1.0, 0.0
0.27885625, 0.47893584
0.12450616, 0.11274589, 0.06509408
0.0, -0.86602372, -0.49998474
0.29277644, 0.42027295
0.05100062, 0.11274589, 0.06509408
0.0, -0.86602372, -0.49998474
0.29277644, 0.47893584
0.05100062, 0.06509408, 0.11274589
0.0, -0.49998474, -0.86602372
0.33080614, 0.47893584
0.12450616, -1e-08, 0.13018817
0.0, 0.0, -1.0
0.38275599, 0.42027295
0.12450616, 0.06509408, 0.11274589
0.0, -0.49998474, -0.86602372
0.33080614, 0.42027295
0.05100062, -0.06509409, 0.11274589
0.0, 0.49998474, -0.86602372
0.43470585, 0.47893584
0.05100062, -1e-08, 0.13018817
0.0, 0.0, -1.0
0.38275599, 0.47893584
0.12450616, -0.1127459, 0.06509408
0.0, 0.86602372, -0.49998474
0.47273555, 0.42027295
0.05100062, -0.1127459, 0.06509408
0.0, 0.86602372, -0.49998474
0.47273555, 0.47893584
0.12450616, -0.13018817, 0.0
0.0, 1.0, 0.0
0.48665574, 0.42027295
0.05100062, -0.13018821, 0.0
0.0, 1.0, 0.0
0.48665574, 0.47893584
0.12450616, -0.1127459, -0.06509409
0.0, 0.86602372, 0.49998474
0.47273555, 0.42027295
0.05100062, -0.1127459, -0.06509409
0.0, 0.86602372, 0.49998474
0.47273555, 0.47893584
0.05100062, -0.06509409, -0.1127459
0.0, 0.49998474, 0.86602372
0.43470585, 0.47893584
0.12450616, -1e-08, -0.13018817
0.0, 0.0, 1.0
0.38275599, 0.42027295
0.12450616, -0.06509409, -0.1127459
0.0, 0.49998474, 0.86602372
0.43470585, 0.42027295
0.05100062, -1e-08, -0.13018817
0.0, 0.0, 1.0
0.38275599, 0.47893584
0.12450616, 0.06509408, -0.1127459
0.0, -0.49998474, 0.86602372
0.33080614, 0.42027295
0.05100062, 0.06509408, -0.1127459
0.0, -0.49998474, 0.86602372
0.33080614, 0.47893584
0.12450616, 0.11274589, -0.06509409
0.0, -0.86602372, 0.49998474
0.29277644, 0.42027295
0.05100062, 0.11274589, -0.06509409
0.0, -0.86602372, 0.49998474
0.29277644, 0.47893584
0.12450616, 0.13018812, 0.0
0.0, -1.0, 0.0
0.27885625, 0.42027295
-0.00774782, -1e-08, 0.24011372
0.99987793, 0.0, 0.0155034
0.8061316, 0.42135233
-0.12450616, -0.06509409, 0.11274589
0.0, 0.49998474, -0.86602372
0.43470585, 0.42027295
0.08021207, -1e-08, 0.02883797
0.02847377, 0.0, 0.99957275
0.38275614, 0.63341329
0.08021207, 0.02497432, -0.01441899
0.02847377, 0.86565751, -0.49977112
0.40225184, 0.63341329
0.12450616, -0.06509409, 0.11274589
0.0, 0.49998474, -0.86602372
0.43470585, 0.42027295
# Number of Faces:
456
# Face Data:
0, 1, 2
2, 3, 0
1, 4, 5
5, 2, 1
4, 6, 7
7, 5, 4
6, 8, 9
9, 7, 6
8, 10, 11
11, 9, 8
10, 12, 13
13, 11, 10
12, 14, 15
15, 13, 12
14, 16, 17
17, 15, 14
16, 18, 19
19, 17, 16
18, 20, 21
21, 19, 18
22, 23, 24
24, 25, 22
23, 0, 3
3, 24, 23
26, 27, 28
29, 26, 28
30, 31, 28
32, 30, 28
33, 32, 28
34, 33, 28
35, 36, 28
37, 35, 28
38, 37, 28
39, 38, 28
40, 41, 28
42, 40, 28
43, 44, 45
46, 45, 47
47, 48, 49
49, 48, 50
51, 52, 53
53, 54, 55
55, 56, 57
58, 57, 59
60, 61, 62
62, 61, 63
64, 65, 66
66, 67, 43
68, 69, 70
71, 72, 73
74, 75, 76
77, 72, 71
76, 75, 78
79, 80, 81
82, 83, 77
84, 85, 86
81, 87, 88
89, 90, 83
86, 85, 91
92, 93, 68
87, 94, 95
96, 90, 97
98, 91, 99
100, 101, 93
95, 94, 102
103, 104, 96
99, 80, 79
105, 101, 100
106, 107, 108
70, 69, 104
109, 73, 105
108, 74, 110
111, 89, 82
112, 113, 114
115, 103, 114
116, 117, 70
117, 118, 119
120, 92, 119
120, 121, 100
121, 122, 123
124, 109, 123
125, 126, 71
126, 127, 128
127, 129, 82
130, 131, 132
133, 130, 134
135, 136, 137
138, 139, 135
140, 141, 142
140, 132, 131
143, 144, 145
146, 147, 148
43, 45, 46
46, 47, 149
47, 49, 149
49, 50, 150
51, 53, 151
53, 55, 151
55, 57, 58
58, 59, 152
60, 62, 153
62, 63, 64
64, 66, 154
66, 43, 154
68, 70, 119
71, 73, 155
74, 76, 110
77, 71, 128
76, 78, 156
79, 81, 157
82, 77, 128
84, 86, 158
81, 88, 157
89, 83, 82
86, 91, 98
92, 68, 119
87, 95, 88
96, 97, 114
98, 99, 159
100, 93, 92
95, 102, 160
103, 96, 114
99, 79, 159
105, 100, 123
106, 108, 161
70, 104, 103
109, 105, 123
108, 110, 161
111, 82, 129
112, 114, 97
115, 114, 113
116, 70, 103
117, 119, 70
120, 119, 118
120, 100, 92
121, 123, 100
124, 123, 122
125, 71, 155
126, 128, 71
127, 82, 128
148, 133, 134
138, 146, 162
145, 141, 163
136, 143, 137
137, 164, 135
165, 163, 140
163, 166, 145
135, 167, 138
168, 169, 133
131, 165, 140
167, 170, 138
145, 171, 143
171, 137, 143
172, 147, 170
147, 168, 133
173, 131, 169
174, 175, 176
177, 178, 174
179, 180, 177
181, 182, 179
183, 184, 181
183, 185, 186
187, 185, 188
189, 190, 187
191, 192, 189
191, 193, 194
195, 193, 196
176, 197, 195
198, 199, 200
201, 198, 200
201, 202, 203
204, 202, 205
206, 204, 207
206, 208, 209
210, 208, 211
212, 210, 211
212, 213, 214
215, 216, 217
217, 218, 215
219, 220, 199
221, 222, 223
222, 221, 224
223, 225, 226
225, 223, 222
226, 227, 228
227, 226, 225
228, 229, 230
229, 228, 227
230, 231, 232
231, 230, 229
232, 233, 234
233, 232, 231
234, 235, 236
235, 234, 233
236, 237, 238
237, 236, 235
238, 239, 240
239, 238, 237
240, 241, 242
241, 240, 239
243, 244, 245
244, 243, 246
245, 224, 221
224, 245, 244
247, 248, 249
250, 248, 247
251, 248, 252
253, 248, 251
254, 248, 253
255, 248, 254
256, 248, 257
258, 248, 256
259, 248, 258
260, 248, 259
261, 248, 262
263, 248, 261
264, 265, 266
267, 268, 265
268, 269, 270
269, 271, 270
272, 273, 274
273, 275, 276
275, 277, 278
279, 280, 277
281, 282, 283
282, 284, 283
285, 286, 287
286, 264, 288
289, 290, 291
292, 293, 294
295, 296, 297
298, 292, 294
296, 299, 297
300, 301, 302
303, 298, 304
305, 306, 307
301, 308, 309
310, 304, 311
306, 312, 307
313, 289, 314
309, 315, 316
317, 318, 311
319, 320, 312
321, 314, 322
315, 323, 316
324, 317, 325
320, 300, 302
326, 321, 322
327, 328, 329
290, 325, 291
330, 326, 293
328, 331, 295
332, 303, 310
333, 334, 335
336, 334, 324
337, 290, 338
338, 339, 340
341, 339, 313
341, 321, 342
342, 343, 344
345, 343, 330
346, 292, 347
347, 348, 349
349, 303, 350
351, 352, 353
354, 352, 355
356, 357, 358
359, 360, 361
362, 363, 364
362, 353, 365
366, 367, 368
369, 370, 371
264, 267, 265
267, 372, 268
268, 372, 269
269, 373, 271
272, 374, 273
273, 374, 275
275, 279, 277
279, 375, 280
281, 376, 282
282, 285, 284
285, 377, 286
286, 377, 264
289, 339, 290
292, 378, 293
295, 331, 296
298, 348, 292
296, 379, 299
300, 380, 301
303, 348, 298
305, 381, 306
301, 380, 308
310, 303, 304
306, 319, 312
313, 339, 289
309, 308, 315
317, 334, 318
319, 382, 320
321, 313, 314
315, 383, 323
324, 334, 317
320, 382, 300
326, 343, 321
327, 384, 328
290, 324, 325
330, 343, 326
328, 384, 331
332, 350, 303
333, 318, 334
336, 335, 334
337, 324, 290
338, 290, 339
341, 340, 339
341, 313, 321
342, 321, 343
345, 344, 343
346, 378, 292
347, 292, 348
349, 348, 303
354, 369, 385
359, 371, 370
364, 367, 386
366, 356, 358
358, 164, 387
364, 165, 362
364, 166, 388
357, 167, 164
355, 168, 354
351, 165, 389
370, 167, 359
386, 171, 166
358, 171, 366
390, 172, 370
390, 168, 391
351, 173, 355
392, 393, 394
395, 396, 393
397, 398, 396
398, 399, 400
400, 401, 402
402, 403, 404
403, 405, 404
405, 406, 407
407, 408, 409
408, 410, 409
411, 412, 410
413, 394, 412
414, 415, 416
415, 417, 416
418, 417, 419
418, 420, 421
420, 422, 423
424, 423, 422
425, 426, 427
426, 428, 427
429, 428, 430
431, 432, 433
434, 433, 432
435, 436, 414
130, 169, 131
133, 169, 130
135, 139, 136
138, 162, 139
140, 163, 141
140, 142, 132
143, 437, 144
146, 170, 147
148, 147, 133
138, 170, 146
145, 144, 141
136, 437, 143
137, 387, 164
165, 388, 163
163, 388, 166
135, 164, 167
168, 173, 169
131, 389, 165
167, 172, 170
145, 166, 171
171, 387, 137
172, 391, 147
147, 391, 168
173, 389, 131
174, 178, 175
177, 180, 178
179, 182, 180
181, 184, 182
183, 186, 184
183, 188, 185
187, 190, 185
189, 192, 190
191, 194, 192
191, 196, 193
195, 197, 193
176, 175, 197
198, 219, 199
201, 203, 198
201, 205, 202
204, 438, 202
206, 438, 204
206, 207, 208
210, 209, 208
212, 214, 210
212, 216, 213
215, 213, 216
217, 220, 218
219, 218, 220
351, 355, 352
354, 385, 352
356, 360, 357
359, 357, 360
362, 365, 363
362, 351, 353
366, 386, 367
369, 390, 370
354, 390, 369
359, 361, 371
364, 363, 367
366, 368, 356
358, 357, 164
364, 388, 165
364, 386, 166
357, 359, 167
355, 173, 168
351, 362, 165
370, 172, 167
386, 366, 171
358, 387, 171
390, 391, 172
390, 354, 168
351, 389, 173
392, 395, 393
395, 397, 396
397, 439, 398
398, 439, 399
400, 399, 401
402, 401, 403
403, 440, 405
405, 440, 406
407, 406, 408
408, 411, 410
411, 413, 412
413, 392, 394
414, 436, 415
415, 419, 417
418, 421, 417
418, 441, 420
420, 441, 422
424, 425, 423
425, 424, 426
426, 430, 428
429, 431, 428
431, 429, 432
434, 435, 433
435, 434, 436
