# Project Zomboid Skinned Mesh
# File Version:
1.0
# Model Name:
Vehicle_Wheel03.001
# Vertex Stride Element Count:
3
# Vertex Stride Size (in bytes):
76
# Vertex Stride Data:
# (Int)    Offset
# (String) Type
0
VertexArray
12
NormalArray
24
TextureCoordArray
# Vertex Count:
832
# Vertex Buffer:
0.26006037, -0.24011371, 0.0
-0.6425367, -0.7662282, 0.0
0.03126602, 0.8216515
0.26006037, -0.2079439, -0.12005687
-0.64256722, -0.66356397, -0.38309884
0.03126605, 0.74026701
0.38530251, -0.2079439, -0.12005687
0.64818263, -0.65944397, -0.38071841
0.1641642, 0.74026707
0.38530251, -0.24011371, 0.0
0.64818263, -0.76146734, 0.0
0.16416416, 0.82165153
0.26006037, -0.12005688, -0.20794392
-0.6425367, -0.38309884, -0.66356397
0.03126608, 0.65888327
0.38530251, -0.12005688, -0.20794392
0.64818263, -0.38071841, -0.65944397
0.16416427, 0.65888327
0.26006037, -1e-08, -0.24011372
-0.6425367, 0.0, -0.7662282
0.03126611, 0.57749876
0.38530251, -1e-08, -0.24011372
0.64818263, 0.0, -0.76146734
0.16416427, 0.57749879
0.26006037, 0.12005686, -0.20794392
-0.64256722, 0.38309884, -0.66356397
0.03126618, 0.49611419
0.38530251, 0.12005686, -0.20794392
0.64818263, 0.38071841, -0.65944397
0.16416432, 0.49611425
0.26006037, 0.20794387, -0.12005687
-0.64256722, 0.66356397, -0.38309884
0.03126621, 0.41473037
0.38530251, 0.20794387, -0.12005687
0.64818263, 0.65944397, -0.38071841
0.16416441, 0.41473043
0.26006037, 0.24011374, 0.0
-0.6425367, 0.7662282, 0.0
0.03126624, 0.33334589
0.38530251, 0.24011374, 0.0
0.64818263, 0.76146734, 0.0
0.16416441, 0.33334589
0.26006037, 0.20794387, 0.12005686
-0.64256722, 0.66356397, 0.38309884
0.03126627, 0.25196135
0.38530251, 0.20794387, 0.12005686
0.64818263, 0.65944397, 0.38071841
0.16416441, 0.25196141
0.26006037, 0.12005686, 0.20794389
-0.64256722, 0.38309884, 0.66356397
0.03126632, 0.17057759
0.38530251, 0.12005686, 0.20794389
0.64818263, 0.38071841, 0.65944397
0.16416447, 0.17057759
0.26006037, -1e-08, 0.24011372
-0.6425367, 0.0, 0.7662282
0.03126632, 0.08919305
0.38530251, -1e-08, 0.24011372
0.64818263, 0.0, 0.76146734
0.16416447, 0.08919305
0.26006037, -0.12005688, 0.20794389
-0.6425367, -0.38309884, 0.66356397
0.03126632, 0.00780857
0.38530251, -0.12005688, 0.20794389
0.64818263, -0.38071841, 0.65944397
0.16416447, 0.00780857
0.26006037, -0.12005688, 0.20794389
-0.6425367, -0.38309884, 0.66356397
0.03126593, 0.98441978
0.26006037, -0.2079439, 0.12005686
-0.6425367, -0.66356397, 0.38309884
0.03126599, 0.90303607
0.38530251, -0.2079439, 0.12005686
0.64818263, -0.65944397, 0.38071841
0.16416416, 0.90303607
0.38530251, -0.12005688, 0.20794389
0.64818263, -0.38071841, 0.65944397
0.1641641, 0.98441978
0.31283826, -0.02497434, -0.01441898
-0.66377759, -0.64769435, -0.3739433
0.38278234, 0.63199949
0.31283826, -0.02883798, 0.0
-0.66377759, -0.74791712, 0.0
0.37137297, 0.62893417
0.31283826, -1e-08, 0.0
-1.0, 0.0, 0.0
0.38278997, 0.60918137
0.31283826, -0.014419, -0.02497433
-0.66377759, -0.3739433, -0.64769435
0.39419571, 0.62894952
0.31283826, -1e-08, -0.02883797
-0.66377759, 0.0, -0.74791712
0.38274834, 0.63202813
0.31283826, -0.014419, -0.02497433
-0.66377759, -0.3739433, -0.64769435
0.39415962, 0.62897038
0.31283826, 0.01441897, -0.02497433
-0.66377759, 0.3739433, -0.64769435
0.37133688, 0.62897038
0.31283826, 0.02497432, -0.01441899
-0.66377759, 0.64769435, -0.3739433
0.38272879, 0.63204238
0.31283826, 0.02883796, 0.0
-0.66377759, 0.74791712, 0.0
0.39414614, 0.6290068
0.31283826, 0.02497432, 0.01441898
-0.66377759, 0.64769435, 0.3739433
0.38275355, 0.63202813
0.31283826, 0.02883796, 0.0
-0.66377759, 0.74791712, 0.0
0.39417082, 0.62899265
0.31283826, 0.01441897, 0.02497433
-0.66377759, 0.3739433, 0.64769435
0.37134811, 0.62894845
0.31283826, -1e-08, 0.02883797
-0.66377759, 0.0, 0.74791712
0.3827351, 0.63199961
0.31283826, -0.014419, 0.02497433
-0.66377759, -0.3739433, 0.64769435
0.3941482, 0.62894845
0.31283826, -0.02497433, 0.01441898
-0.66377759, -0.64769435, 0.3739433
0.3827576, 0.63198519
0.31283826, -0.014419, 0.02497433
-0.66377759, -0.3739433, 0.64769435
0.39417103, 0.62893534
0.31283826, -0.02883798, 0.0
-0.66377759, -0.74791712, 0.0
0.3713482, 0.62891993
0.25692928, -0.14465353, 0.0
-0.96490371, 0.26248971, 0.0
0.32612884, 0.70712847
0.26006037, -0.24011371, 0.0
-0.6425367, -0.7662282, 0.0
0.288748, 0.7717725
0.26006037, -0.2079439, 0.12005686
-0.6425367, -0.66356397, 0.38309884
0.38264573, 0.79700011
0.25692928, -0.1252732, 0.07232675
-0.96490371, 0.22733238, -0.13126011
0.38269639, 0.72232652
0.26006037, -0.12005688, 0.20794389
-0.6425367, -0.38309884, 0.66356397
0.4765766, 0.77189994
0.26006037, -1e-08, 0.24011372
-0.6425367, 0.0, 0.7662282
0.38264754, 0.79701042
0.25692928, -1e-08, 0.14465351
-0.96490371, 0.0, -0.26248971
0.38269073, 0.72233659
0.26006037, 0.12005686, 0.20794389
-0.64256722, 0.38309884, 0.66356397
0.28874749, 0.77179128
0.25692928, 0.07232676, 0.1252732
-0.96490371, -0.13126011, -0.22733238
0.32602292, 0.70708638
0.26006037, 0.12005686, 0.20794389
-0.64256722, 0.38309884, 0.66356397
0.28856105, 0.77168328
0.26006037, 0.20794387, 0.12005686
-0.64256722, 0.66356397, 0.38309884
0.3824259, 0.7970292
0.26006037, 0.24011374, 0.0
-0.6425367, 0.7662282, 0.0
0.47638932, 0.77204728
0.25692928, 0.1446535, 0.0
-0.96490371, -0.26248971, 0.0
0.43917769, 0.70730561
0.26006037, 0.24011374, 0.0
-0.6425367, 0.7662282, 0.0
0.47637242, 0.772057
0.26006037, 0.20794387, -0.12005687
-0.64256722, 0.66356397, -0.38309884
0.38240901, 0.79703885
0.25692928, 0.12527318, -0.07232676
-0.96490371, -0.22733238, 0.13126011
0.38255376, 0.72236544
0.26006037, 0.12005686, -0.20794392
-0.64256722, 0.38309884, -0.66356397
0.28854412, 0.77169299
0.26006037, 0.12005686, -0.20794392
-0.64256722, 0.38309884, -0.66356397
0.28884155, 0.77186513
0.26006037, -1e-08, -0.24011372
-0.6425367, 0.0, -0.7662282
0.38275614, 0.79702991
0.25692928, -1e-08, -0.14465351
-0.96490371, 0.0, 0.26248971
0.38275614, 0.72235614
0.26006037, -0.12005688, -0.20794392
-0.6425367, -0.38309884, -0.66356397
0.47667068, 0.77186513
0.25692928, -0.07232676, -0.12527321
-0.96490371, 0.13126011, 0.22733238
0.43930072, 0.70721501
0.26006037, -0.12005688, -0.20794392
-0.6425367, -0.38309884, -0.66356397
0.47659352, 0.77190971
0.26006037, -0.2079439, -0.12005687
-0.64256722, -0.66356397, -0.38309884
0.38266259, 0.79700989
0.26006037, -0.24011371, 0.0
-0.6425367, -0.7662282, 0.0
0.28876483, 0.77178222
0.35348889, -0.02999637, 0.0
-0.77901548, -0.62697226, 0.0
0.3710438, 0.58888787
0.35348889, -0.02597753, -0.01499819
-0.77901548, -0.54298532, -0.31348613
0.382774, 0.58573624
0.35348889, -0.06927343, -0.03999516
-0.99148536, 0.11267434, 0.06503494
0.38274753, 0.54662856
0.35348889, 0.06927342, 0.03999515
-0.99148536, -0.11267434, -0.06503494
0.38266867, 0.54660904
0.35348889, 0.02597752, 0.01499818
-0.77901548, 0.54298532, 0.31348613
0.38274446, 0.58571669
0.35348889, 0.01499818, 0.02597752
-0.77901548, 0.31348613, 0.54298532
0.37101832, 0.58888307
0.2685442, 0.11274589, -0.06509409
-0.46284372, -0.76766258, 0.4431898
0.38257569, 0.71104997
0.35348889, 0.02999637, 0.0
-0.77901548, 0.62697226, 0.0
0.39448288, 0.58883759
0.25692928, 0.07232676, -0.12527321
-0.96490371, -0.13126011, 0.22733238
0.326006, 0.7070961
0.2685442, -0.13018817, 0.0
-0.46284372, 0.88641012, 0.0
0.33179328, 0.6973328
0.35348889, 0.06927342, -0.03999516
-0.99148536, -0.11267434, 0.06503494
0.38265181, 0.54659933
0.35348889, 0.02597752, -0.01499819
-0.77901548, 0.54298532, -0.31348613
0.38272756, 0.58570698
0.25692928, 0.07232676, -0.12527321
-0.96490371, -0.13126011, 0.22733238
0.32617843, 0.70719591
0.2685442, -1e-08, -0.13018817
-0.46284372, 0.0, 0.88641012
0.38275614, 0.71104062
0.25692928, -0.07232676, 0.1252732
-0.96490371, 0.13126011, -0.22733238
0.43928385, 0.70720524
0.2685442, -0.06509409, 0.11274589
-0.46284372, 0.4431898, -0.76766258
0.43363273, 0.69740182
0.35348889, 0.03999515, -0.06927341
-0.99148536, -0.06503494, 0.11267434
0.35138211, 0.55504301
0.35348889, 0.01499818, -0.02597753
-0.77901548, 0.31348613, -0.54298532
0.37100139, 0.58887336
0.35348889, -0.06927343, 0.03999515
-0.99148536, 0.11267434, -0.06503494
0.38273066, 0.54663831
0.35348889, -0.02597753, 0.01499818
-0.77901548, -0.54298532, 0.31348613
0.38275716, 0.58574602
0.2685442, -1e-08, 0.13018817
-0.46284372, 0.0, -0.88641012
0.38269728, 0.71102113
0.35348889, -1e-08, -0.02999637
-0.77901548, 0.0, -0.62697226
0.38275614, 0.58571663
0.35348889, 0.03999515, -0.06927341
-0.99148536, -0.06503494, 0.11267434
0.35146987, 0.5549922
0.2685442, -0.06509409, -0.1127459
-0.46284372, 0.4431898, 0.76766258
0.43364957, 0.69741157
0.25692928, -0.1252732, -0.07232676
-0.96490371, 0.22733238, 0.13126011
0.38271326, 0.72233635
0.35348889, -0.03999516, 0.06927341
-0.99148536, 0.06503494, -0.11267434
0.41402233, 0.55500007
0.35348889, -0.01499819, 0.02597752
-0.77901548, -0.31348613, 0.54298532
0.39449152, 0.58888167
0.25692928, 0.07232676, 0.1252732
-0.96490371, -0.13126011, -0.22733238
0.32612178, 0.70714363
0.35348889, -0.03999516, -0.06927341
-0.99148536, 0.06503494, 0.11267434
0.41404238, 0.5549922
0.35348889, -0.01499819, -0.02597753
-0.77901548, -0.31348613, -0.54298532
0.39448845, 0.58886039
0.35348889, -1e-08, 0.02999637
-0.77901548, 0.0, 0.62697226
0.38274255, 0.58573619
0.2685442, 0.06509408, 0.11274589
-0.46284372, -0.4431898, -0.76766258
0.33169964, 0.69729784
0.25692928, 0.12527318, 0.07232675
-0.96490371, -0.22733238, -0.13126011
0.38257065, 0.72235572
0.35348889, 0.03999515, 0.06927341
-0.99148536, -0.06503494, -0.11267434
0.35143855, 0.55502978
0.2685442, 0.13018812, 0.0
-0.46284372, -0.88641012, 0.0
0.43353894, 0.69749519
0.34204972, 0.06509408, -0.1127459
-0.57774591, -0.40809351, 0.7068392
0.33168274, 0.52107462
0.34204972, 0.06509408, -0.1127459
-0.57774591, -0.40809351, 0.7068392
0.33183619, 0.52098584
0.34204972, -1e-08, -0.13018817
-0.57774591, 0.0, 0.81618702
0.38275614, 0.50734156
0.35348889, -1e-08, -0.07999032
-0.99148536, 0.0, 0.1301004
0.38275614, 0.54660887
0.34204972, -0.06509409, -0.1127459
-0.57774591, 0.40809351, 0.7068392
0.43367603, 0.52098584
0.34204972, -0.06509409, -0.1127459
-0.57774591, 0.40809351, 0.7068392
0.43364957, 0.52097061
0.34204972, -0.1127459, -0.06509409
-0.57774591, 0.7068392, 0.40809351
0.38272086, 0.50736141
0.34204972, -0.13018821, 0.0
-0.57774591, 0.81618702, 0.0
0.33181012, 0.52103966
0.35348889, -0.07999031, 0.0
-0.99148536, 0.1301004, 0.0
0.35146689, 0.55503282
0.34204972, -0.1127459, 0.06509408
-0.57774591, 0.7068392, -0.40809351
0.38270402, 0.50737113
0.34204972, -0.06509409, 0.11274589
-0.57774591, 0.40809351, -0.7068392
0.43363273, 0.52098036
0.34204972, -1e-08, 0.13018817
-0.57774591, 0.0, -0.81618702
0.38269728, 0.50736105
0.35348889, -1e-08, 0.07999031
-0.99148536, 0.0, -0.1301004
0.38271999, 0.54662839
0.34204972, 0.06509408, 0.11274589
-0.57774591, -0.40809351, -0.7068392
0.33178523, 0.52103481
0.34204972, 0.06509408, 0.11274589
-0.57774591, -0.40809351, -0.7068392
0.33169964, 0.52108434
0.34204972, 0.11274589, 0.06509408
-0.57774591, -0.7068392, -0.40809351
0.38259256, 0.50734192
0.34204972, 0.13018812, 0.0
-0.57774591, -0.81618702, 0.0
0.43353894, 0.52088699
0.35348889, 0.07999031, 0.0
-0.99148536, -0.1301004, 0.0
0.41397116, 0.55493146
0.34204972, 0.11274589, -0.06509409
-0.57774591, -0.7068392, 0.40809351
0.38257569, 0.50733221
0.38530251, -0.12005688, -0.20794392
0.64818263, -0.38071841, -0.65944397
0.7122122, 0.77186382
0.38856459, -0.02597753, -0.01499819
0.98297065, -0.15900144, -0.09179968
0.78580964, 0.62092406
0.38530251, -0.2079439, -0.12005687
0.64818263, -0.65944397, -0.38071841
0.6434589, 0.70311052
0.38856459, -1e-08, -0.02999637
0.98297065, 0.0, -0.18359935
0.8061316, 0.63265699
0.38530251, -1e-08, -0.24011372
0.64818263, 0.0, -0.76146734
0.8061316, 0.79702991
0.38856459, 0.02597752, 0.01499818
0.98297065, 0.15900144, 0.09179968
0.82645357, 0.59745818
0.38530251, 0.12005686, 0.20794389
0.64818263, 0.38071841, 0.65944397
0.900051, 0.44651848
0.38856459, 0.01499818, 0.02597752
0.98297065, 0.09179968, 0.15900144
0.81786454, 0.58886915
0.38856459, 0.02999637, 0.0
0.98297065, 0.18359935, 0.0
0.82959747, 0.60919112
0.38530251, 0.20794387, 0.12005686
0.64818263, 0.65944397, 0.38071841
0.96880424, 0.51527172
0.38856459, -0.02999637, 0.0
0.98297065, -0.18359935, 0.0
0.78266573, 0.60919112
0.38530251, -0.2079439, 0.12005686
0.64818263, -0.65944397, 0.38071841
0.6434589, 0.51527172
0.38530251, -0.24011371, 0.0
0.64818263, -0.76146734, 0.0
0.61829281, 0.60919112
0.38856459, -1e-08, 0.02999637
0.98297065, 0.0, 0.18359935
0.8061316, 0.58572525
0.38530251, -0.12005688, 0.20794389
0.64818263, -0.38071841, 0.65944397
0.7122122, 0.44651848
0.38856459, -0.01499819, 0.02597752
0.98297065, -0.09179968, 0.15900144
0.79439867, 0.58886915
0.38530251, 0.20794387, -0.12005687
0.64818263, 0.65944397, -0.38071841
0.96880424, 0.70311052
0.38856459, 0.01499818, -0.02597753
0.98297065, 0.09179968, -0.15900144
0.81786454, 0.62951308
0.38530251, 0.12005686, -0.20794392
0.64818263, 0.38071841, -0.65944397
0.900051, 0.77186382
0.35348889, 0.03999515, 0.06927341
-0.99148536, -0.06503494, -0.11267434
0.35139894, 0.5550527
0.2685442, 0.06509408, -0.1127459
-0.46284372, -0.4431898, 0.76766258
0.33168274, 0.69730756
0.2685442, -0.1127459, 0.06509408
-0.46284372, 0.76766258, -0.4431898
0.38270402, 0.71101105
0.2685442, 0.06509408, -0.1127459
-0.46284372, -0.4431898, 0.76766258
0.33183619, 0.69739634
0.2685442, -0.06509409, -0.1127459
-0.46284372, 0.4431898, 0.76766258
0.43367603, 0.69739634
0.2685442, -0.1127459, -0.06509409
-0.46284372, 0.76766258, 0.4431898
0.38272086, 0.71102077
0.2685442, 0.06509408, 0.11274589
-0.46284372, -0.4431898, -0.76766258
0.33178523, 0.69734737
0.2685442, 0.11274589, 0.06509408
-0.46284372, -0.76766258, -0.4431898
0.38259256, 0.71104026
0.38530251, 0.24011374, 0.0
0.64818263, 0.76146734, 0.0
0.99397039, 0.60919112
0.38856459, -0.02597753, 0.01499818
0.98297065, -0.15900144, 0.09179968
0.78580964, 0.59745818
0.39305034, 0.01727356, 0.00997293
0.0, 0.86602372, 0.49998474
0.81964457, 0.60138941
0.39305034, -0.01994588, 0.0
0.0, -1.0, 0.0
0.79052812, 0.60919112
0.39305034, -0.00997295, 0.01727357
0.0, -0.49998474, 0.8659932
0.79832983, 0.59567815
0.39305034, 0.01994586, 0.0
0.0, 1.0, 0.0
0.82173508, 0.60919112
0.39305034, -1e-08, -0.01994587
0.0, 0.0, -0.99996948
0.8061316, 0.6247946
0.38856459, -0.01499819, -0.02597753
0.98297065, -0.09179968, -0.15900144
0.79439867, 0.62951308
0.38856459, 0.02597752, -0.01499819
0.98297065, 0.15900144, -0.09179968
0.82645357, 0.62092406
0.39305034, -1e-08, 0.01994587
0.0, 0.0, 1.0
0.8061316, 0.5935877
0.39305034, 0.00997293, -0.01727357
0.0, 0.49998474, -0.8659932
0.81393337, 0.62270409
0.39305034, -0.00997295, -0.01727357
0.0, -0.49998474, -0.8659932
0.79832983, 0.62270409
0.35348889, -0.02597753, 0.01499818
-0.77901548, -0.54298532, 0.31348613
0.36247733, 0.66514638
0.31283826, -0.02883798, 0.0
-0.66377759, -0.74791712, 0.0
0.36024439, 0.63341331
0.35348889, -0.02999637, 0.0
-0.77901548, -0.62697226, 0.0
0.35934013, 0.66514638
0.35348889, -0.01499819, 0.02597752
-0.77901548, -0.31348613, 0.54298532
0.37104815, 0.66514638
0.31283826, -0.02497433, 0.01441898
-0.66377759, -0.64769435, 0.3739433
0.36326045, 0.63341331
0.35348889, -1e-08, 0.02999637
-0.77901548, 0.0, 0.62697226
0.38275614, 0.66514638
0.31283826, -0.014419, 0.02497433
-0.66377759, -0.3739433, 0.64769435
0.37150025, 0.63341331
0.31283826, 0.01441897, 0.02497433
-0.66377759, 0.3739433, 0.64769435
0.39401203, 0.63341331
0.31283826, -1e-08, 0.02883797
-0.66377759, 0.0, 0.74791712
0.38275614, 0.63341331
0.35348889, 0.01499818, 0.02597752
-0.77901548, 0.31348613, 0.54298532
0.39446416, 0.66514638
0.31283826, 0.02497432, 0.01441898
-0.66377759, 0.64769435, 0.3739433
0.40225184, 0.63341331
0.35348889, 0.02597752, 0.01499818
-0.77901548, 0.54298532, 0.31348613
0.40303496, 0.66514638
0.31283826, 0.02883796, 0.0
-0.66377759, 0.74791712, 0.0
0.40526789, 0.63341331
0.35348889, 0.02597752, -0.01499819
-0.77901548, 0.54298532, -0.31348613
0.40303496, 0.66514638
0.35348889, 0.02999637, 0.0
-0.77901548, 0.62697226, 0.0
0.40617219, 0.66514638
0.35348889, 0.01499818, -0.02597753
-0.77901548, 0.31348613, -0.54298532
0.39446416, 0.66514638
0.31283826, 0.02497432, -0.01441899
-0.66377759, 0.64769435, -0.3739433
0.40225184, 0.63341331
0.35348889, -1e-08, -0.02999637
-0.77901548, 0.0, -0.62697226
0.38275614, 0.66514638
0.31283826, 0.01441897, -0.02497433
-0.66377759, 0.3739433, -0.64769435
0.39401203, 0.63341331
0.35348889, -0.01499819, -0.02597753
-0.77901548, -0.31348613, -0.54298532
0.37104815, 0.66514638
0.31283826, -1e-08, -0.02883797
-0.66377759, 0.0, -0.74791712
0.38275614, 0.63341331
0.35348889, -0.02597753, -0.01499819
-0.77901548, -0.54298532, -0.31348613
0.36247733, 0.66514638
0.31283826, -0.014419, -0.02497433
-0.66377759, -0.3739433, -0.64769435
0.37150025, 0.63341331
0.31283826, -0.02497434, -0.01441898
-0.66377759, -0.64769435, -0.3739433
0.36326045, 0.63341331
0.2685442, 0.11274589, 0.06509408
-0.46284372, -0.76766258, -0.4431898
0.29277644, 0.42027295
0.34204972, 0.13018812, 0.0
-0.57774591, -0.81618702, 0.0
0.27885625, 0.47893584
0.34204972, 0.11274589, 0.06509408
-0.57774591, -0.7068392, -0.40809351
0.29277644, 0.47893584
0.34204972, 0.06509408, 0.11274589
-0.57774591, -0.40809351, -0.7068392
0.33080614, 0.47893584
0.2685442, -1e-08, 0.13018817
-0.46284372, 0.0, -0.88641012
0.38275599, 0.42027295
0.2685442, 0.06509408, 0.11274589
-0.46284372, -0.4431898, -0.76766258
0.33080614, 0.42027295
0.34204972, -0.06509409, 0.11274589
-0.57774591, 0.40809351, -0.7068392
0.43470585, 0.47893584
0.34204972, -1e-08, 0.13018817
-0.57774591, 0.0, -0.81618702
0.38275599, 0.47893584
0.2685442, -0.1127459, 0.06509408
-0.46284372, 0.76766258, -0.4431898
0.47273555, 0.42027295
0.34204972, -0.1127459, 0.06509408
-0.57774591, 0.7068392, -0.40809351
0.47273555, 0.47893584
0.34204972, -0.13018821, 0.0
-0.57774591, 0.81618702, 0.0
0.48665574, 0.47893584
0.2685442, -0.13018817, 0.0
-0.46284372, 0.88641012, 0.0
0.48665574, 0.42027295
0.2685442, -0.1127459, -0.06509409
-0.46284372, 0.76766258, 0.4431898
0.47273555, 0.42027295
0.34204972, -0.1127459, -0.06509409
-0.57774591, 0.7068392, 0.40809351
0.47273555, 0.47893584
0.34204972, -0.06509409, -0.1127459
-0.57774591, 0.40809351, 0.7068392
0.43470585, 0.47893584
0.2685442, -1e-08, -0.13018817
-0.46284372, 0.0, 0.88641012
0.38275599, 0.42027295
0.2685442, -0.06509409, -0.1127459
-0.46284372, 0.4431898, 0.76766258
0.43470585, 0.42027295
0.2685442, 0.06509408, -0.1127459
-0.46284372, -0.4431898, 0.76766258
0.33080614, 0.42027295
0.34204972, -1e-08, -0.13018817
-0.57774591, 0.0, 0.81618702
0.38275599, 0.47893584
0.34204972, 0.06509408, -0.1127459
-0.57774591, -0.40809351, 0.7068392
0.33080614, 0.47893584
0.2685442, 0.11274589, -0.06509409
-0.46284372, -0.76766258, 0.4431898
0.29277644, 0.42027295
0.2685442, 0.13018812, 0.0
-0.46284372, -0.88641012, 0.0
0.27885625, 0.42027295
0.34204972, 0.11274589, -0.06509409
-0.57774591, -0.7068392, 0.40809351
0.29277644, 0.47893584
0.52604032, -0.24011371, 0.0
0.6425367, -0.7662282, 0.0
0.03126602, 0.8216515
0.40079817, -0.2079439, -0.12005687
-0.64818263, -0.65944397, -0.38071841
0.1641642, 0.74026707
0.52604032, -0.2079439, -0.12005687
0.6425367, -0.66356397, -0.38309884
0.03126605, 0.74026701
0.40079817, -0.24011371, 0.0
-0.64818263, -0.76146734, 0.0
0.16416416, 0.82165153
0.40079817, -0.12005688, -0.20794392
-0.64818263, -0.38071841, -0.65944397
0.16416427, 0.65888327
0.52604032, -0.12005688, -0.20794392
0.6425367, -0.38309884, -0.66356397
0.03126608, 0.65888327
0.40079817, -1e-08, -0.24011372
-0.64818263, 0.0, -0.76146734
0.16416427, 0.57749879
0.52604032, -1e-08, -0.24011372
0.6425367, 0.0, -0.7662282
0.03126611, 0.57749876
0.40079817, 0.12005686, -0.20794392
-0.64818263, 0.38071841, -0.65944397
0.16416432, 0.49611425
0.52604032, 0.12005686, -0.20794392
0.64256722, 0.38309884, -0.66356397
0.03126618, 0.49611419
0.40079817, 0.20794387, -0.12005687
-0.64818263, 0.65944397, -0.38071841
0.16416441, 0.41473043
0.52604032, 0.20794387, -0.12005687
0.6425367, 0.66356397, -0.38309884
0.03126621, 0.41473037
0.40079817, 0.24011374, 0.0
-0.64818263, 0.76146734, 0.0
0.16416441, 0.33334589
0.52604032, 0.24011374, 0.0
0.6425367, 0.7662282, 0.0
0.03126624, 0.33334589
0.40079817, 0.20794387, 0.12005686
-0.64818263, 0.65944397, 0.38071841
0.16416441, 0.25196141
0.52604032, 0.20794387, 0.12005686
0.64256722, 0.66356397, 0.38309884
0.03126627, 0.25196135
0.40079817, 0.12005686, 0.20794389
-0.64818263, 0.38071841, 0.65944397
0.16416447, 0.17057759
0.52604032, 0.12005686, 0.20794389
0.64256722, 0.38309884, 0.66356397
0.03126632, 0.17057759
0.40079817, -1e-08, 0.24011372
-0.64818263, 0.0, 0.76146734
0.16416447, 0.08919305
0.52604032, -1e-08, 0.24011372
0.6425367, 0.0, 0.7662282
0.03126632, 0.08919305
0.40079817, -0.12005688, 0.20794389
-0.64818263, -0.38071841, 0.65944397
0.16416447, 0.00780857
0.52604032, -0.12005688, 0.20794389
0.6425367, -0.38309884, 0.66356397
0.03126632, 0.00780857
0.52604032, -0.12005688, 0.20794389
0.6425367, -0.38309884, 0.66356397
0.03126593, 0.98441978
0.40079817, -0.2079439, 0.12005686
-0.64818263, -0.65944397, 0.38071841
0.16416416, 0.90303607
0.52604032, -0.2079439, 0.12005686
0.6425367, -0.66356397, 0.38309884
0.03126599, 0.90303607
0.40079817, -0.12005688, 0.20794389
-0.64818263, -0.38071841, 0.65944397
0.1641641, 0.98441978
0.47326243, -0.02497434, -0.01441898
0.66377759, -0.64769435, -0.3739433
0.38278234, 0.63199949
0.47326243, -1e-08, 0.0
1.0, 0.0, 0.0
0.38278997, 0.60918137
0.47326243, -0.02883798, 0.0
0.66377759, -0.74791712, 0.0
0.37137297, 0.62893417
0.47326243, -0.014419, -0.02497433
0.66377759, -0.3739433, -0.64769435
0.39419571, 0.62894952
0.47326243, -1e-08, -0.02883797
0.66377759, 0.0, -0.74791712
0.38274834, 0.63202813
0.47326243, -0.014419, -0.02497433
0.66377759, -0.3739433, -0.64769435
0.39415962, 0.62897038
0.47326243, 0.01441897, -0.02497433
0.66377759, 0.3739433, -0.64769435
0.37133688, 0.62897038
0.47326243, 0.02497432, -0.01441899
0.66377759, 0.64769435, -0.3739433
0.38272879, 0.63204238
0.47326243, 0.02883796, 0.0
0.66377759, 0.74791712, 0.0
0.39414614, 0.6290068
0.47326243, 0.02497432, 0.01441898
0.66377759, 0.64769435, 0.3739433
0.38275355, 0.63202813
0.47326243, 0.02883796, 0.0
0.66377759, 0.74791712, 0.0
0.39417082, 0.62899265
0.47326243, 0.01441897, 0.02497433
0.66377759, 0.3739433, 0.64769435
0.37134811, 0.62894845
0.47326243, -1e-08, 0.02883797
0.66377759, 0.0, 0.74791712
0.3827351, 0.63199961
0.47326243, -0.014419, 0.02497433
0.66377759, -0.3739433, 0.64769435
0.3941482, 0.62894845
0.47326243, -0.02497433, 0.01441898
0.66377759, -0.64769435, 0.3739433
0.3827576, 0.63198519
0.47326243, -0.014419, 0.02497433
0.66377759, -0.3739433, 0.64769435
0.39417103, 0.62893534
0.47326243, -0.02883798, 0.0
0.66377759, -0.74791712, 0.0
0.3713482, 0.62891993
0.52917141, -0.14465353, 0.0
0.96490371, 0.26248971, 0.0
0.32612884, 0.70712847
0.52604032, -0.2079439, 0.12005686
0.6425367, -0.66356397, 0.38309884
0.38264573, 0.79700011
0.52604032, -0.24011371, 0.0
0.6425367, -0.7662282, 0.0
0.288748, 0.7717725
0.52917141, -0.1252732, 0.07232675
0.96490371, 0.22733238, -0.13126011
0.38269639, 0.72232652
0.52604032, -0.12005688, 0.20794389
0.6425367, -0.38309884, 0.66356397
0.4765766, 0.77189994
0.52917141, -1e-08, 0.14465351
0.96490371, 0.0, -0.26248971
0.38269073, 0.72233659
0.52604032, -1e-08, 0.24011372
0.6425367, 0.0, 0.7662282
0.38264754, 0.79701042
0.52604032, 0.12005686, 0.20794389
0.64256722, 0.38309884, 0.66356397
0.28874749, 0.77179128
0.52917141, 0.07232676, 0.1252732
0.96490371, -0.13126011, -0.22733238
0.32602292, 0.70708638
0.52604032, 0.20794387, 0.12005686
0.64256722, 0.66356397, 0.38309884
0.3824259, 0.7970292
0.52604032, 0.12005686, 0.20794389
0.64256722, 0.38309884, 0.66356397
0.28856105, 0.77168328
0.52917141, 0.1446535, 0.0
0.96490371, -0.26248971, 0.0
0.43917769, 0.70730561
0.52604032, 0.24011374, 0.0
0.6425367, 0.7662282, 0.0
0.47638932, 0.77204728
0.52604032, 0.20794387, -0.12005687
0.6425367, 0.66356397, -0.38309884
0.38240901, 0.79703885
0.52604032, 0.24011374, 0.0
0.6425367, 0.7662282, 0.0
0.47637242, 0.772057
0.52917141, 0.12527318, -0.07232676
0.96490371, -0.22733238, 0.13126011
0.38255376, 0.72236544
0.52604032, 0.12005686, -0.20794392
0.64256722, 0.38309884, -0.66356397
0.28854412, 0.77169299
0.52604032, 0.12005686, -0.20794392
0.64256722, 0.38309884, -0.66356397
0.28884155, 0.77186513
0.52917141, -1e-08, -0.14465351
0.96490371, 0.0, 0.26248971
0.38275614, 0.72235614
0.52604032, -1e-08, -0.24011372
0.6425367, 0.0, -0.7662282
0.38275614, 0.79702991
0.52604032, -0.12005688, -0.20794392
0.6425367, -0.38309884, -0.66356397
0.47667068, 0.77186513
0.52917141, -0.07232676, -0.12527321
0.96490371, 0.13126011, 0.22733238
0.43930072, 0.70721501
0.52604032, -0.2079439, -0.12005687
0.6425367, -0.66356397, -0.38309884
0.38266259, 0.79700989
0.52604032, -0.12005688, -0.20794392
0.6425367, -0.38309884, -0.66356397
0.47659352, 0.77190971
0.52604032, -0.24011371, 0.0
0.6425367, -0.7662282, 0.0
0.28876483, 0.77178222
0.43261179, -0.02999637, 0.0
0.77901548, -0.62697226, 0.0
0.3710438, 0.58888787
0.43261179, -0.06927343, -0.03999516
0.99148536, 0.11267434, 0.06503494
0.38274753, 0.54662856
0.43261179, -0.02597753, -0.01499819
0.77901548, -0.54298532, -0.31348613
0.382774, 0.58573624
0.43261179, 0.06927342, 0.03999515
0.99148536, -0.11267434, -0.06503494
0.38266867, 0.54660904
0.43261179, 0.01499818, 0.02597752
0.77901548, 0.31348613, 0.54298532
0.37101832, 0.58888307
0.43261179, 0.02597752, 0.01499818
0.77901548, 0.54298532, 0.31348613
0.38274446, 0.58571669
0.51755649, 0.11274589, -0.06509409
0.46284372, -0.76766258, 0.4431898
0.38257569, 0.71104997
0.43261179, 0.02999637, 0.0
0.77901548, 0.62697226, 0.0
0.39448288, 0.58883759
0.52917141, 0.07232676, -0.12527321
0.96490371, -0.13126011, 0.22733238
0.326006, 0.7070961
0.51755649, -0.13018817, 0.0
0.46284372, 0.88641012, 0.0
0.33179328, 0.6973328
0.43261179, 0.06927342, -0.03999516
0.99148536, -0.11267434, 0.06503494
0.38265181, 0.54659933
0.43261179, 0.02597752, -0.01499819
0.77901548, 0.54298532, -0.31348613
0.38272756, 0.58570698
0.52917141, 0.07232676, -0.12527321
0.96490371, -0.13126011, 0.22733238
0.32617843, 0.70719591
0.51755649, -1e-08, -0.13018817
0.46284372, 0.0, 0.88641012
0.38275614, 0.71104062
0.51755649, -0.06509409, 0.11274589
0.46284372, 0.4431898, -0.76766258
0.43363273, 0.69740182
0.52917141, -0.07232676, 0.1252732
0.96490371, 0.13126011, -0.22733238
0.43928385, 0.70720524
0.43261179, 0.03999515, -0.06927341
0.99148536, -0.06503494, 0.11267434
0.35138211, 0.55504301
0.43261179, 0.01499818, -0.02597753
0.77901548, 0.31348613, -0.54298532
0.37100139, 0.58887336
0.43261179, -0.06927343, 0.03999515
0.99148536, 0.11267434, -0.06503494
0.38273066, 0.54663831
0.43261179, -0.02597753, 0.01499818
0.77901548, -0.54298532, 0.31348613
0.38275716, 0.58574602
0.51755649, -1e-08, 0.13018817
0.46284372, 0.0, -0.88641012
0.38269728, 0.71102113
0.43261179, -1e-08, -0.02999637
0.77901548, 0.0, -0.62697226
0.38275614, 0.58571663
0.43261179, 0.03999515, -0.06927341
0.99148536, -0.06503494, 0.11267434
0.35146987, 0.5549922
0.51755649, -0.06509409, -0.1127459
0.46284372, 0.4431898, 0.76766258
0.43364957, 0.69741157
0.52917141, -0.1252732, -0.07232676
0.96490371, 0.22733238, 0.13126011
0.38271326, 0.72233635
0.43261179, -0.03999516, 0.06927341
0.99148536, 0.06503494, -0.11267434
0.41402233, 0.55500007
0.43261179, -0.01499819, 0.02597752
0.77901548, -0.31348613, 0.54298532
0.39449152, 0.58888167
0.52917141, 0.07232676, 0.1252732
0.96490371, -0.13126011, -0.22733238
0.32612178, 0.70714363
0.43261179, -0.03999516, -0.06927341
0.99148536, 0.06503494, 0.11267434
0.41404238, 0.5549922
0.43261179, -0.01499819, -0.02597753
0.77901548, -0.31348613, -0.54298532
0.39448845, 0.58886039
0.43261179, -1e-08, 0.02999637
0.77901548, 0.0, 0.62697226
0.38274255, 0.58573619
0.51755649, 0.06509408, 0.11274589
0.46284372, -0.4431898, -0.76766258
0.33169964, 0.69729784
0.52917141, 0.12527318, 0.07232675
0.96490371, -0.22733238, -0.13126011
0.38257065, 0.72235572
0.43261179, 0.03999515, 0.06927341
0.99148536, -0.06503494, -0.11267434
0.35143855, 0.55502978
0.51755649, 0.13018812, 0.0
0.46284372, -0.88641012, 0.0
0.43353894, 0.69749519
0.44405097, 0.06509408, -0.1127459
0.57774591, -0.40809351, 0.7068392
0.33168274, 0.52107462
0.44405097, 0.06509408, -0.1127459
0.57774591, -0.40809351, 0.7068392
0.33183619, 0.52098584
0.43261179, -1e-08, -0.07999032
0.99148536, 0.0, 0.1301004
0.38275614, 0.54660887
0.44405097, -1e-08, -0.13018817
0.57774591, 0.0, 0.81618702
0.38275614, 0.50734156
0.44405097, -0.06509409, -0.1127459
0.57774591, 0.40809351, 0.7068392
0.43367603, 0.52098584
0.44405097, -0.06509409, -0.1127459
0.57774591, 0.40809351, 0.7068392
0.43364957, 0.52097061
0.44405097, -0.1127459, -0.06509409
0.57774591, 0.7068392, 0.40809351
0.38272086, 0.50736141
0.43261179, -0.07999031, 0.0
0.99148536, 0.1301004, 0.0
0.35146689, 0.55503282
0.44405097, -0.13018821, 0.0
0.57774591, 0.81618702, 0.0
0.33181012, 0.52103966
0.44405097, -0.1127459, 0.06509408
0.57774591, 0.7068392, -0.40809351
0.38270402, 0.50737113
0.44405097, -0.06509409, 0.11274589
0.57774591, 0.40809351, -0.7068392
0.43363273, 0.52098036
0.43261179, -1e-08, 0.07999031
0.99148536, 0.0, -0.1301004
0.38271999, 0.54662839
0.44405097, -1e-08, 0.13018817
0.57774591, 0.0, -0.81618702
0.38269728, 0.50736105
0.44405097, 0.06509408, 0.11274589
0.57774591, -0.40809351, -0.7068392
0.33178523, 0.52103481
0.44405097, 0.06509408, 0.11274589
0.57774591, -0.40809351, -0.7068392
0.33169964, 0.52108434
0.44405097, 0.11274589, 0.06509408
0.57774591, -0.7068392, -0.40809351
0.38259256, 0.50734192
0.43261179, 0.07999031, 0.0
0.99148536, -0.1301004, 0.0
0.41397116, 0.55493146
0.44405097, 0.13018812, 0.0
0.57774591, -0.81618702, 0.0
0.43353894, 0.52088699
0.44405097, 0.11274589, -0.06509409
0.57774591, -0.7068392, 0.40809351
0.38257569, 0.50733221
0.3975361, -0.02597753, -0.01499819
-0.98297065, -0.15900144, -0.09179968
0.78580964, 0.62092406
0.40079817, -0.12005688, -0.20794392
-0.64818263, -0.38071841, -0.65944397
0.7122122, 0.77186382
0.40079817, -0.2079439, -0.12005687
-0.64818263, -0.65944397, -0.38071841
0.6434589, 0.70311052
0.3975361, -1e-08, -0.02999637
-0.98297065, 0.0, -0.18359935
0.8061316, 0.63265699
0.3975361, -0.01499819, -0.02597753
-0.98297065, -0.09179968, -0.15900144
0.79439867, 0.62951308
0.40079817, 0.12005686, 0.20794389
-0.64818263, 0.38071841, 0.65944397
0.900051, 0.44651848
0.3975361, 0.02597752, 0.01499818
-0.98297065, 0.15900144, 0.09179968
0.82645357, 0.59745818
0.3975361, 0.01499818, 0.02597752
-0.98297065, 0.09179968, 0.15900144
0.81786454, 0.58886915
0.3975361, 0.02999637, 0.0
-0.98297065, 0.18359935, 0.0
0.82959747, 0.60919112
0.40079817, 0.20794387, 0.12005686
-0.64818263, 0.65944397, 0.38071841
0.96880424, 0.51527172
0.40079817, 0.24011374, 0.0
-0.64818263, 0.76146734, 0.0
0.99397039, 0.60919112
0.3975361, -0.02999637, 0.0
-0.98297065, -0.18359935, 0.0
0.78266573, 0.60919112
0.40079817, -0.2079439, 0.12005686
-0.64818263, -0.65944397, 0.38071841
0.6434589, 0.51527172
0.3975361, -0.02597753, 0.01499818
-0.98297065, -0.15900144, 0.09179968
0.78580964, 0.59745818
0.40079817, -0.24011371, 0.0
-0.64818263, -0.76146734, 0.0
0.61829281, 0.60919112
0.3975361, -1e-08, 0.02999637
-0.98297065, 0.0, 0.18359935
0.8061316, 0.58572525
0.40079817, -0.12005688, 0.20794389
-0.64818263, -0.38071841, 0.65944397
0.7122122, 0.44651848
0.40079817, -1e-08, 0.24011372
-0.64818263, 0.0, 0.76146734
0.8061316, 0.42135233
0.40079817, 0.12005686, -0.20794392
-0.64818263, 0.38071841, -0.65944397
0.900051, 0.77186382
0.3975361, 0.02597752, -0.01499819
-0.98297065, 0.15900144, -0.09179968
0.82645357, 0.62092406
0.40079817, 0.20794387, -0.12005687
-0.64818263, 0.65944397, -0.38071841
0.96880424, 0.70311052
0.43261179, 0.03999515, 0.06927341
0.99148536, -0.06503494, -0.11267434
0.35139894, 0.5550527
0.51755649, 0.06509408, -0.1127459
0.46284372, -0.4431898, 0.76766258
0.33168274, 0.69730756
0.51755649, -0.1127459, 0.06509408
0.46284372, 0.76766258, -0.4431898
0.38270402, 0.71101105
0.51755649, 0.06509408, -0.1127459
0.46284372, -0.4431898, 0.76766258
0.33183619, 0.69739634
0.51755649, -0.06509409, -0.1127459
0.46284372, 0.4431898, 0.76766258
0.43367603, 0.69739634
0.51755649, -0.1127459, -0.06509409
0.46284372, 0.76766258, 0.4431898
0.38272086, 0.71102077
0.51755649, 0.06509408, 0.11274589
0.46284372, -0.4431898, -0.76766258
0.33178523, 0.69734737
0.51755649, 0.11274589, 0.06509408
0.46284372, -0.76766258, -0.4431898
0.38259256, 0.71104026
0.40079817, -1e-08, -0.24011372
-0.64818263, 0.0, -0.76146734
0.8061316, 0.79702991
0.3975361, -0.01499819, 0.02597752
-0.98297065, -0.09179968, 0.15900144
0.79439867, 0.58886915
0.39305034, 0.00997293, 0.01727357
0.0, 0.49998474, 0.8659932
0.81393337, 0.59567815
0.39305034, -0.01727358, 0.00997293
0.0, -0.86602372, 0.49998474
0.79261863, 0.60138941
0.39305034, -0.01727358, -0.00997294
0.0, -0.86602372, -0.49998474
0.79261863, 0.61699289
0.3975361, 0.01499818, -0.02597753
-0.98297065, 0.09179968, -0.15900144
0.81786454, 0.62951308
0.39305034, 0.01727356, -0.00997294
0.0, 0.86602372, -0.49998474
0.81964457, 0.61699289
0.47326243, -0.02883798, 0.0
0.66377759, -0.74791712, 0.0
0.36024439, 0.63341329
0.43261179, -0.02597753, 0.01499818
0.77901548, -0.54298532, 0.31348613
0.36247733, 0.66514635
0.43261179, -0.02999637, 0.0
0.77901548, -0.62697226, 0.0
0.35934013, 0.66514635
0.47326243, -0.02497433, 0.01441898
0.66377759, -0.64769435, 0.3739433
0.36326045, 0.63341329
0.43261179, -0.01499819, 0.02597752
0.77901548, -0.31348613, 0.54298532
0.37104815, 0.66514635
0.47326243, -0.014419, 0.02497433
0.66377759, -0.3739433, 0.64769435
0.37150025, 0.63341329
0.43261179, -1e-08, 0.02999637
0.77901548, 0.0, 0.62697226
0.38275614, 0.66514635
0.47326243, -1e-08, 0.02883797
0.66377759, 0.0, 0.74791712
0.38275614, 0.63341329
0.43261179, 0.01499818, 0.02597752
0.77901548, 0.31348613, 0.54298532
0.39446416, 0.66514635
0.47326243, 0.02497432, 0.01441898
0.66377759, 0.64769435, 0.3739433
0.40225184, 0.63341329
0.43261179, 0.02597752, 0.01499818
0.77901548, 0.54298532, 0.31348613
0.40303496, 0.66514635
0.47326243, 0.02883796, 0.0
0.66377759, 0.74791712, 0.0
0.40526789, 0.63341329
0.43261179, 0.02999637, 0.0
0.77901548, 0.62697226, 0.0
0.40617219, 0.66514635
0.47326243, 0.02497432, -0.01441899
0.66377759, 0.64769435, -0.3739433
0.40225184, 0.63341329
0.43261179, 0.02597752, -0.01499819
0.77901548, 0.54298532, -0.31348613
0.40303496, 0.66514635
0.43261179, 0.01499818, -0.02597753
0.77901548, 0.31348613, -0.54298532
0.39446416, 0.66514635
0.47326243, 0.01441897, -0.02497433
0.66377759, 0.3739433, -0.64769435
0.39401203, 0.63341329
0.43261179, -1e-08, -0.02999637
0.77901548, 0.0, -0.62697226
0.38275614, 0.66514635
0.47326243, -1e-08, -0.02883797
0.66377759, 0.0, -0.74791712
0.38275614, 0.63341329
0.43261179, -0.01499819, -0.02597753
0.77901548, -0.31348613, -0.54298532
0.37104815, 0.66514635
0.47326243, -0.02497434, -0.01441898
0.66377759, -0.64769435, -0.3739433
0.36326045, 0.63341329
0.43261179, -0.02597753, -0.01499819
0.77901548, -0.54298532, -0.31348613
0.36247733, 0.66514635
0.44405097, 0.13018812, 0.0
0.57774591, -0.81618702, 0.0
0.27885625, 0.47893584
0.51755649, 0.11274589, 0.06509408
0.46284372, -0.76766258, -0.4431898
0.29277644, 0.42027295
0.44405097, 0.11274589, 0.06509408
0.57774591, -0.7068392, -0.40809351
0.29277644, 0.47893584
0.44405097, 0.06509408, 0.11274589
0.57774591, -0.40809351, -0.7068392
0.33080614, 0.47893584
0.51755649, -1e-08, 0.13018817
0.46284372, 0.0, -0.88641012
0.38275599, 0.42027295
0.51755649, 0.06509408, 0.11274589
0.46284372, -0.4431898, -0.76766258
0.33080614, 0.42027295
0.44405097, -0.06509409, 0.11274589
0.57774591, 0.40809351, -0.7068392
0.43470585, 0.47893584
0.44405097, -1e-08, 0.13018817
0.57774591, 0.0, -0.81618702
0.38275599, 0.47893584
0.51755649, -0.1127459, 0.06509408
0.46284372, 0.76766258, -0.4431898
0.47273555, 0.42027295
0.44405097, -0.1127459, 0.06509408
0.57774591, 0.7068392, -0.40809351
0.47273555, 0.47893584
0.51755649, -0.13018817, 0.0
0.46284372, 0.88641012, 0.0
0.48665574, 0.42027295
0.44405097, -0.13018821, 0.0
0.57774591, 0.81618702, 0.0
0.48665574, 0.47893584
0.51755649, -0.1127459, -0.06509409
0.46284372, 0.76766258, 0.4431898
0.47273555, 0.42027295
0.44405097, -0.1127459, -0.06509409
0.57774591, 0.7068392, 0.40809351
0.47273555, 0.47893584
0.44405097, -0.06509409, -0.1127459
0.57774591, 0.40809351, 0.7068392
0.43470585, 0.47893584
0.51755649, -1e-08, -0.13018817
0.46284372, 0.0, 0.88641012
0.38275599, 0.42027295
0.51755649, -0.06509409, -0.1127459
0.46284372, 0.4431898, 0.76766258
0.43470585, 0.42027295
0.44405097, -1e-08, -0.13018817
0.57774591, 0.0, 0.81618702
0.38275599, 0.47893584
0.51755649, 0.06509408, -0.1127459
0.46284372, -0.4431898, 0.76766258
0.33080614, 0.42027295
0.44405097, 0.06509408, -0.1127459
0.57774591, -0.40809351, 0.7068392
0.33080614, 0.47893584
0.51755649, 0.11274589, -0.06509409
0.46284372, -0.76766258, 0.4431898
0.29277644, 0.42027295
0.44405097, 0.11274589, -0.06509409
0.57774591, -0.7068392, 0.40809351
0.29277644, 0.47893584
0.51755649, 0.13018812, 0.0
0.46284372, -0.88641012, 0.0
0.27885625, 0.42027295
-0.26006037, -0.24011371, 0.0
0.6425367, -0.7662282, 0.0
0.03126602, 0.8216515
-0.38530251, -0.2079439, -0.12005687
-0.64818263, -0.65944397, -0.38071841
0.1641642, 0.74026707
-0.26006037, -0.2079439, -0.12005687
0.64256722, -0.66356397, -0.38309884
0.03126605, 0.74026701
-0.38530251, -0.24011371, 0.0
-0.64818263, -0.76146734, 0.0
0.16416416, 0.82165153
-0.38530251, -0.12005688, -0.20794392
-0.64818263, -0.38071841, -0.65944397
0.16416427, 0.65888327
-0.26006037, -0.12005688, -0.20794392
0.6425367, -0.38309884, -0.66356397
0.03126608, 0.65888327
-0.38530251, -1e-08, -0.24011372
-0.64818263, 0.0, -0.76146734
0.16416427, 0.57749879
-0.26006037, -1e-08, -0.24011372
0.6425367, 0.0, -0.7662282
0.03126611, 0.57749876
-0.38530251, 0.12005686, -0.20794392
-0.64818263, 0.38071841, -0.65944397
0.16416432, 0.49611425
-0.26006037, 0.12005686, -0.20794392
0.64256722, 0.38309884, -0.66356397
0.03126618, 0.49611419
-0.38530251, 0.20794387, -0.12005687
-0.64818263, 0.65944397, -0.38071841
0.16416441, 0.41473043
-0.26006037, 0.20794387, -0.12005687
0.64256722, 0.66356397, -0.38309884
0.03126621, 0.41473037
-0.38530251, 0.24011374, 0.0
-0.64818263, 0.76146734, 0.0
0.16416441, 0.33334589
-0.26006037, 0.24011374, 0.0
0.6425367, 0.7662282, 0.0
0.03126624, 0.33334589
-0.38530251, 0.20794387, 0.12005686
-0.64818263, 0.65944397, 0.38071841
0.16416441, 0.25196141
-0.26006037, 0.20794387, 0.12005686
0.64256722, 0.66356397, 0.38309884
0.03126627, 0.25196135
-0.38530251, 0.12005686, 0.20794389
-0.64818263, 0.38071841, 0.65944397
0.16416447, 0.17057759
-0.26006037, 0.12005686, 0.20794389
0.64256722, 0.38309884, 0.66356397
0.03126632, 0.17057759
-0.38530251, -1e-08, 0.24011372
-0.64818263, 0.0, 0.76146734
0.16416447, 0.08919305
-0.26006037, -1e-08, 0.24011372
0.6425367, 0.0, 0.7662282
0.03126632, 0.08919305
-0.38530251, -0.12005688, 0.20794389
-0.64818263, -0.38071841, 0.65944397
0.16416447, 0.00780857
-0.26006037, -0.12005688, 0.20794389
0.6425367, -0.38309884, 0.66356397
0.03126632, 0.00780857
-0.26006037, -0.12005688, 0.20794389
0.6425367, -0.38309884, 0.66356397
0.03126593, 0.98441978
-0.38530251, -0.2079439, 0.12005686
-0.64818263, -0.65944397, 0.38071841
0.16416416, 0.90303607
-0.26006037, -0.2079439, 0.12005686
0.6425367, -0.66356397, 0.38309884
0.03126599, 0.90303607
-0.38530251, -0.12005688, 0.20794389
-0.64818263, -0.38071841, 0.65944397
0.1641641, 0.98441978
-0.31283826, -0.02497434, -0.01441898
0.66377759, -0.64769435, -0.3739433
0.38278234, 0.63199949
-0.31283826, -1e-08, 0.0
1.0, 0.0, 0.0
0.38278997, 0.60918137
-0.31283826, -0.02883798, 0.0
0.66377759, -0.74791712, 0.0
0.37137297, 0.62893417
-0.31283826, -0.014419, -0.02497433
0.66377759, -0.3739433, -0.64769435
0.39419571, 0.62894952
-0.31283826, -1e-08, -0.02883797
0.66377759, 0.0, -0.74791712
0.38274834, 0.63202813
-0.31283826, -0.014419, -0.02497433
0.66377759, -0.3739433, -0.64769435
0.39415962, 0.62897038
-0.31283826, 0.01441897, -0.02497433
0.66377759, 0.3739433, -0.64769435
0.37133688, 0.62897038
-0.31283826, 0.02497432, -0.01441899
0.66377759, 0.64769435, -0.3739433
0.38272879, 0.63204238
-0.31283826, 0.02883796, 0.0
0.66377759, 0.74791712, 0.0
0.39414614, 0.6290068
-0.31283826, 0.02497432, 0.01441898
0.66377759, 0.64769435, 0.3739433
0.38275355, 0.63202813
-0.31283826, 0.02883796, 0.0
0.66377759, 0.74791712, 0.0
0.39417082, 0.62899265
-0.31283826, 0.01441897, 0.02497433
0.66377759, 0.3739433, 0.64769435
0.37134811, 0.62894845
-0.31283826, -1e-08, 0.02883797
0.66377759, 0.0, 0.74791712
0.3827351, 0.63199961
-0.31283826, -0.014419, 0.02497433
0.66377759, -0.3739433, 0.64769435
0.3941482, 0.62894845
-0.31283826, -0.02497433, 0.01441898
0.66377759, -0.64769435, 0.3739433
0.3827576, 0.63198519
-0.31283826, -0.014419, 0.02497433
0.66377759, -0.3739433, 0.64769435
0.39417103, 0.62893534
-0.31283826, -0.02883798, 0.0
0.66377759, -0.74791712, 0.0
0.3713482, 0.62891993
-0.25692928, -0.14465353, 0.0
0.96490371, 0.26248971, 0.0
0.32612884, 0.70712847
-0.26006037, -0.2079439, 0.12005686
0.6425367, -0.66356397, 0.38309884
0.38264573, 0.79700011
-0.26006037, -0.24011371, 0.0
0.6425367, -0.7662282, 0.0
0.288748, 0.7717725
-0.25692928, -0.1252732, 0.07232675
0.96490371, 0.22733238, -0.13126011
0.38269639, 0.72232652
-0.26006037, -0.12005688, 0.20794389
0.6425367, -0.38309884, 0.66356397
0.4765766, 0.77189994
-0.25692928, -1e-08, 0.14465351
0.96490371, 0.0, -0.26248971
0.38269073, 0.72233659
-0.26006037, -1e-08, 0.24011372
0.6425367, 0.0, 0.7662282
0.38264754, 0.79701042
-0.26006037, 0.12005686, 0.20794389
0.64256722, 0.38309884, 0.66356397
0.28874749, 0.77179128
-0.25692928, 0.07232676, 0.1252732
0.96490371, -0.13126011, -0.22733238
0.32602292, 0.70708638
-0.26006037, 0.20794387, 0.12005686
0.64256722, 0.66356397, 0.38309884
0.3824259, 0.7970292
-0.26006037, 0.12005686, 0.20794389
0.64256722, 0.38309884, 0.66356397
0.28856105, 0.77168328
-0.25692928, 0.1446535, 0.0
0.96490371, -0.26248971, 0.0
0.43917769, 0.70730561
-0.26006037, 0.24011374, 0.0
0.6425367, 0.7662282, 0.0
0.47638932, 0.77204728
-0.26006037, 0.20794387, -0.12005687
0.64256722, 0.66356397, -0.38309884
0.38240901, 0.79703885
-0.26006037, 0.24011374, 0.0
0.6425367, 0.7662282, 0.0
0.47637242, 0.772057
-0.25692928, 0.12527318, -0.07232676
0.96490371, -0.22733238, 0.13126011
0.38255376, 0.72236544
-0.26006037, 0.12005686, -0.20794392
0.64256722, 0.38309884, -0.66356397
0.28854412, 0.77169299
-0.26006037, 0.12005686, -0.20794392
0.64256722, 0.38309884, -0.66356397
0.28884155, 0.77186513
-0.25692928, -1e-08, -0.14465351
0.96490371, 0.0, 0.26248971
0.38275614, 0.72235614
-0.26006037, -1e-08, -0.24011372
0.6425367, 0.0, -0.7662282
0.38275614, 0.79702991
-0.26006037, -0.12005688, -0.20794392
0.6425367, -0.38309884, -0.66356397
0.47667068, 0.77186513
-0.25692928, -0.07232676, -0.12527321
0.96490371, 0.13126011, 0.22733238
0.43930072, 0.70721501
-0.26006037, -0.2079439, -0.12005687
0.64256722, -0.66356397, -0.38309884
0.38266259, 0.79700989
-0.26006037, -0.12005688, -0.20794392
0.6425367, -0.38309884, -0.66356397
0.47659352, 0.77190971
-0.26006037, -0.24011371, 0.0
0.6425367, -0.7662282, 0.0
0.28876483, 0.77178222
-0.35348889, -0.02999637, 0.0
0.77901548, -0.62697226, 0.0
0.3710438, 0.58888787
-0.35348889, -0.06927343, -0.03999516
0.99148536, 0.11267434, 0.06503494
0.38274753, 0.54662856
-0.35348889, -0.02597753, -0.01499819
0.77901548, -0.54298532, -0.31348613
0.382774, 0.58573624
-0.35348889, 0.06927342, 0.03999515
0.99148536, -0.11267434, -0.06503494
0.38266867, 0.54660904
-0.35348889, 0.01499818, 0.02597752
0.77901548, 0.31348613, 0.54298532
0.37101832, 0.58888307
-0.35348889, 0.02597752, 0.01499818
0.77901548, 0.54298532, 0.31348613
0.38274446, 0.58571669
-0.2685442, 0.11274589, -0.06509409
0.46284372, -0.76766258, 0.4431898
0.38257569, 0.71104997
-0.35348889, 0.02999637, 0.0
0.77901548, 0.62697226, 0.0
0.39448288, 0.58883759
-0.25692928, 0.07232676, -0.12527321
0.96490371, -0.13126011, 0.22733238
0.326006, 0.7070961
-0.2685442, -0.13018817, 0.0
0.46284372, 0.88641012, 0.0
0.33179328, 0.6973328
-0.35348889, 0.06927342, -0.03999516
0.99148536, -0.11267434, 0.06503494
0.38265181, 0.54659933
-0.35348889, 0.02597752, -0.01499819
0.77901548, 0.54298532, -0.31348613
0.38272756, 0.58570698
-0.25692928, 0.07232676, -0.12527321
0.96490371, -0.13126011, 0.22733238
0.32617843, 0.70719591
-0.2685442, -1e-08, -0.13018817
0.46284372, 0.0, 0.88641012
0.38275614, 0.71104062
-0.2685442, -0.06509409, 0.11274589
0.46284372, 0.4431898, -0.76766258
0.43363273, 0.69740182
-0.25692928, -0.07232676, 0.1252732
0.96490371, 0.13126011, -0.22733238
0.43928385, 0.70720524
-0.35348889, 0.03999515, -0.06927341
0.99148536, -0.06503494, 0.11267434
0.35138211, 0.55504301
-0.35348889, 0.01499818, -0.02597753
0.77901548, 0.31348613, -0.54298532
0.37100139, 0.58887336
-0.35348889, -0.06927343, 0.03999515
0.99148536, 0.11267434, -0.06503494
0.38273066, 0.54663831
-0.35348889, -0.02597753, 0.01499818
0.77901548, -0.54298532, 0.31348613
0.38275716, 0.58574602
-0.2685442, -1e-08, 0.13018817
0.46284372, 0.0, -0.88641012
0.38269728, 0.71102113
-0.35348889, -1e-08, -0.02999637
0.77901548, 0.0, -0.62697226
0.38275614, 0.58571663
-0.35348889, 0.03999515, -0.06927341
0.99148536, -0.06503494, 0.11267434
0.35146987, 0.5549922
-0.2685442, -0.06509409, -0.1127459
0.46284372, 0.4431898, 0.76766258
0.43364957, 0.69741157
-0.25692928, -0.1252732, -0.07232676
0.96490371, 0.22733238, 0.13126011
0.38271326, 0.72233635
-0.35348889, -0.03999516, 0.06927341
0.99148536, 0.06503494, -0.11267434
0.41402233, 0.55500007
-0.35348889, -0.01499819, 0.02597752
0.77901548, -0.31348613, 0.54298532
0.39449152, 0.58888167
-0.25692928, 0.07232676, 0.1252732
0.96490371, -0.13126011, -0.22733238
0.32612178, 0.70714363
-0.35348889, -0.03999516, -0.06927341
0.99148536, 0.06503494, 0.11267434
0.41404238, 0.5549922
-0.35348889, -0.01499819, -0.02597753
0.77901548, -0.31348613, -0.54298532
0.39448845, 0.58886039
-0.35348889, -1e-08, 0.02999637
0.77901548, 0.0, 0.62697226
0.38274255, 0.58573619
-0.2685442, 0.06509408, 0.11274589
0.46284372, -0.4431898, -0.76766258
0.33169964, 0.69729784
-0.25692928, 0.12527318, 0.07232675
0.96490371, -0.22733238, -0.13126011
0.38257065, 0.72235572
-0.35348889, 0.03999515, 0.06927341
0.99148536, -0.06503494, -0.11267434
0.35143855, 0.55502978
-0.2685442, 0.13018812, 0.0
0.46284372, -0.88641012, 0.0
0.43353894, 0.69749519
-0.34204972, 0.06509408, -0.1127459
0.57774591, -0.40809351, 0.7068392
0.33168274, 0.52107462
-0.34204972, 0.06509408, -0.1127459
0.57774591, -0.40809351, 0.7068392
0.33183619, 0.52098584
-0.35348889, -1e-08, -0.07999032
0.99148536, 0.0, 0.1301004
0.38275614, 0.54660887
-0.34204972, -1e-08, -0.13018817
0.57774591, 0.0, 0.81618702
0.38275614, 0.50734156
-0.34204972, -0.06509409, -0.1127459
0.57774591, 0.40809351, 0.7068392
0.43367603, 0.52098584
-0.34204972, -0.06509409, -0.1127459
0.57774591, 0.40809351, 0.7068392
0.43364957, 0.52097061
-0.34204972, -0.1127459, -0.06509409
0.57774591, 0.7068392, 0.40809351
0.38272086, 0.50736141
-0.35348889, -0.07999031, 0.0
0.99148536, 0.1301004, 0.0
0.35146689, 0.55503282
-0.34204972, -0.13018821, 0.0
0.57774591, 0.81618702, 0.0
0.33181012, 0.52103966
-0.34204972, -0.1127459, 0.06509408
0.57774591, 0.7068392, -0.40809351
0.38270402, 0.50737113
-0.34204972, -0.06509409, 0.11274589
0.57774591, 0.40809351, -0.7068392
0.43363273, 0.52098036
-0.35348889, -1e-08, 0.07999031
0.99148536, 0.0, -0.1301004
0.38271999, 0.54662839
-0.34204972, -1e-08, 0.13018817
0.57774591, 0.0, -0.81618702
0.38269728, 0.50736105
-0.34204972, 0.06509408, 0.11274589
0.57774591, -0.40809351, -0.7068392
0.33178523, 0.52103481
-0.34204972, 0.06509408, 0.11274589
0.57774591, -0.40809351, -0.7068392
0.33169964, 0.52108434
-0.34204972, 0.11274589, 0.06509408
0.57774591, -0.7068392, -0.40809351
0.38259256, 0.50734192
-0.35348889, 0.07999031, 0.0
0.99148536, -0.1301004, 0.0
0.41397116, 0.55493146
-0.34204972, 0.13018812, 0.0
0.57774591, -0.81618702, 0.0
0.43353894, 0.52088699
-0.34204972, 0.11274589, -0.06509409
0.57774591, -0.7068392, 0.40809351
0.38257569, 0.50733221
-0.38530251, -0.2079439, -0.12005687
-0.64818263, -0.65944397, -0.38071841
0.6434589, 0.70311052
-0.38856459, -0.01499819, -0.02597753
-0.98297065, -0.09179968, -0.15900144
0.79439867, 0.62951308
-0.38530251, -0.12005688, -0.20794392
-0.64818263, -0.38071841, -0.65944397
0.7122122, 0.77186382
-0.38856459, -1e-08, -0.02999637
-0.98297065, 0.0, -0.18359935
0.8061316, 0.63265699
-0.38530251, 0.12005686, 0.20794389
-0.64818263, 0.38071841, 0.65944397
0.900051, 0.44651848
-0.38856459, 0.02597752, 0.01499818
-0.98297065, 0.15900144, 0.09179968
0.82645357, 0.59745818
-0.38856459, 0.01499818, 0.02597752
-0.98297065, 0.09179968, 0.15900144
0.81786454, 0.58886915
-0.38856459, 0.02999637, 0.0
-0.98297065, 0.18359935, 0.0
0.82959747, 0.60919112
-0.38530251, 0.20794387, 0.12005686
-0.64818263, 0.65944397, 0.38071841
0.96880424, 0.51527172
-0.38530251, 0.24011374, 0.0
-0.64818263, 0.76146734, 0.0
0.99397039, 0.60919112
-0.38856459, -0.02999637, 0.0
-0.98297065, -0.18359935, 0.0
0.78266573, 0.60919112
-0.38530251, -0.2079439, 0.12005686
-0.64818263, -0.65944397, 0.38071841
0.6434589, 0.51527172
-0.38856459, -0.02597753, 0.01499818
-0.98297065, -0.15900144, 0.09179968
0.78580964, 0.59745818
-0.38530251, -0.24011371, 0.0
-0.64818263, -0.76146734, 0.0
0.61829281, 0.60919112
-0.38856459, -1e-08, 0.02999637
-0.98297065, 0.0, 0.18359935
0.8061316, 0.58572525
-0.38530251, -0.12005688, 0.20794389
-0.64818263, -0.38071841, 0.65944397
0.7122122, 0.44651848
-0.38530251, -1e-08, 0.24011372
-0.64818263, 0.0, 0.76146734
0.8061316, 0.42135233
-0.38530251, 0.12005686, -0.20794392
-0.64818263, 0.38071841, -0.65944397
0.900051, 0.77186382
-0.38856459, 0.02597752, -0.01499819
-0.98297065, 0.15900144, -0.09179968
0.82645357, 0.62092406
-0.38530251, 0.20794387, -0.12005687
-0.64818263, 0.65944397, -0.38071841
0.96880424, 0.70311052
-0.35348889, 0.03999515, 0.06927341
0.99148536, -0.06503494, -0.11267434
0.35139894, 0.5550527
-0.2685442, 0.06509408, -0.1127459
0.46284372, -0.4431898, 0.76766258
0.33168274, 0.69730756
-0.2685442, -0.1127459, 0.06509408
0.46284372, 0.76766258, -0.4431898
0.38270402, 0.71101105
-0.2685442, 0.06509408, -0.1127459
0.46284372, -0.4431898, 0.76766258
0.33183619, 0.69739634
-0.2685442, -0.06509409, -0.1127459
0.46284372, 0.4431898, 0.76766258
0.43367603, 0.69739634
-0.2685442, -0.1127459, -0.06509409
0.46284372, 0.76766258, 0.4431898
0.38272086, 0.71102077
-0.2685442, 0.06509408, 0.11274589
0.46284372, -0.4431898, -0.76766258
0.33178523, 0.69734737
-0.2685442, 0.11274589, 0.06509408
0.46284372, -0.76766258, -0.4431898
0.38259256, 0.71104026
-0.38530251, -1e-08, -0.24011372
-0.64818263, 0.0, -0.76146734
0.8061316, 0.79702991
-0.38856459, -0.01499819, 0.02597752
-0.98297065, -0.09179968, 0.15900144
0.79439867, 0.58886915
-0.39305034, 0.01727356, 0.00997293
0.0, 0.86602372, 0.49998474
0.81964457, 0.60138941
-0.39305034, 0.00997293, 0.01727357
0.0, 0.49998474, 0.8659932
0.81393337, 0.59567815
-0.39305034, -0.01994588, 0.0
0.0, -1.0, 0.0
0.79052812, 0.60919112
-0.39305034, -0.00997295, 0.01727357
0.0, -0.49998474, 0.8659932
0.79832983, 0.59567815
-0.39305034, -0.01727358, 0.00997293
0.0, -0.86602372, 0.49998474
0.79261863, 0.60138941
-0.39305034, 0.01994586, 0.0
0.0, 1.0, 0.0
0.82173508, 0.60919112
-0.39305034, -1e-08, -0.01994587
0.0, 0.0, -0.99996948
0.8061316, 0.6247946
-0.38856459, -0.02597753, -0.01499819
-0.98297065, -0.15900144, -0.09179968
0.78580964, 0.62092406
-0.39305034, -0.01727358, -0.00997294
0.0, -0.86602372, -0.49998474
0.79261863, 0.61699289
-0.39305034, -1e-08, 0.01994587
0.0, 0.0, 1.0
0.8061316, 0.5935877
-0.39305034, 0.00997293, -0.01727357
0.0, 0.49998474, -0.8659932
0.81393337, 0.62270409
-0.39305034, 0.01727356, -0.00997294
0.0, 0.86602372, -0.49998474
0.81964457, 0.61699289
-0.38856459, 0.01499818, -0.02597753
-0.98297065, 0.09179968, -0.15900144
0.81786454, 0.62951308
-0.39305034, -0.00997295, -0.01727357
0.0, -0.49998474, -0.86602372
0.79832983, 0.62270409
-0.31283826, -0.02883798, 0.0
0.66377759, -0.74791712, 0.0
0.36024439, 0.63341331
-0.35348889, -0.02597753, 0.01499818
0.77901548, -0.54298532, 0.31348613
0.36247733, 0.66514638
-0.35348889, -0.02999637, 0.0
0.77901548, -0.62697226, 0.0
0.35934013, 0.66514638
-0.31283826, -0.02497433, 0.01441898
0.66377759, -0.64769435, 0.3739433
0.36326045, 0.63341331
-0.35348889, -0.01499819, 0.02597752
0.77901548, -0.31348613, 0.54298532
0.37104815, 0.66514638
-0.31283826, -0.014419, 0.02497433
0.66377759, -0.3739433, 0.64769435
0.37150025, 0.63341331
-0.35348889, -1e-08, 0.02999637
0.77901548, 0.0, 0.62697226
0.38275614, 0.66514638
-0.31283826, -1e-08, 0.02883797
0.66377759, 0.0, 0.74791712
0.38275614, 0.63341331
-0.35348889, 0.01499818, 0.02597752
0.77901548, 0.31348613, 0.54298532
0.39446416, 0.66514638
-0.31283826, 0.02497432, 0.01441898
0.66377759, 0.64769435, 0.3739433
0.40225184, 0.63341331
-0.35348889, 0.02597752, 0.01499818
0.77901548, 0.54298532, 0.31348613
0.40303496, 0.66514638
-0.31283826, 0.02883796, 0.0
0.66377759, 0.74791712, 0.0
0.40526789, 0.63341331
-0.35348889, 0.02999637, 0.0
0.77901548, 0.62697226, 0.0
0.40617219, 0.66514638
-0.35348889, 0.02597752, -0.01499819
0.77901548, 0.54298532, -0.31348613
0.40303496, 0.66514638
-0.31283826, 0.02497432, -0.01441899
0.66377759, 0.64769435, -0.3739433
0.40225184, 0.63341331
-0.35348889, 0.01499818, -0.02597753
0.77901548, 0.31348613, -0.54298532
0.39446416, 0.66514638
-0.31283826, -1e-08, -0.02883797
0.66377759, 0.0, -0.74791712
0.38275614, 0.63341331
-0.35348889, -1e-08, -0.02999637
0.77901548, 0.0, -0.62697226
0.38275614, 0.66514638
-0.35348889, -0.01499819, -0.02597753
0.77901548, -0.31348613, -0.54298532
0.37104815, 0.66514638
-0.31283826, -0.02497434, -0.01441898
0.66377759, -0.64769435, -0.3739433
0.36326045, 0.63341331
-0.35348889, -0.02597753, -0.01499819
0.77901548, -0.54298532, -0.31348613
0.36247733, 0.66514638
-0.34204972, 0.13018812, 0.0
0.57774591, -0.81618702, 0.0
0.27885625, 0.47893584
-0.2685442, 0.11274589, 0.06509408
0.46284372, -0.76766258, -0.4431898
0.29277644, 0.42027295
-0.34204972, 0.11274589, 0.06509408
0.57774591, -0.7068392, -0.40809351
0.29277644, 0.47893584
-0.34204972, 0.06509408, 0.11274589
0.57774591, -0.40809351, -0.7068392
0.33080614, 0.47893584
-0.2685442, -1e-08, 0.13018817
0.46284372, 0.0, -0.88641012
0.38275599, 0.42027295
-0.2685442, 0.06509408, 0.11274589
0.46284372, -0.4431898, -0.76766258
0.33080614, 0.42027295
-0.34204972, -0.06509409, 0.11274589
0.57774591, 0.40809351, -0.7068392
0.43470585, 0.47893584
-0.34204972, -1e-08, 0.13018817
0.57774591, 0.0, -0.81618702
0.38275599, 0.47893584
-0.2685442, -0.1127459, 0.06509408
0.46284372, 0.76766258, -0.4431898
0.47273555, 0.42027295
-0.34204972, -0.1127459, 0.06509408
0.57774591, 0.7068392, -0.40809351
0.47273555, 0.47893584
-0.2685442, -0.13018817, 0.0
0.46284372, 0.88641012, 0.0
0.48665574, 0.42027295
-0.34204972, -0.13018821, 0.0
0.57774591, 0.81618702, 0.0
0.48665574, 0.47893584
-0.2685442, -0.1127459, -0.06509409
0.46284372, 0.76766258, 0.4431898
0.47273555, 0.42027295
-0.34204972, -0.1127459, -0.06509409
0.57774591, 0.7068392, 0.40809351
0.47273555, 0.47893584
-0.34204972, -0.06509409, -0.1127459
0.57774591, 0.40809351, 0.7068392
0.43470585, 0.47893584
-0.2685442, -1e-08, -0.13018817
0.46284372, 0.0, 0.88641012
0.38275599, 0.42027295
-0.2685442, -0.06509409, -0.1127459
0.46284372, 0.4431898, 0.76766258
0.43470585, 0.42027295
-0.34204972, -1e-08, -0.13018817
0.57774591, 0.0, 0.81618702
0.38275599, 0.47893584
-0.2685442, 0.06509408, -0.1127459
0.46284372, -0.4431898, 0.76766258
0.33080614, 0.42027295
-0.34204972, 0.06509408, -0.1127459
0.57774591, -0.40809351, 0.7068392
0.33080614, 0.47893584
-0.2685442, 0.11274589, -0.06509409
0.46284372, -0.76766258, 0.4431898
0.29277644, 0.42027295
-0.34204972, 0.11274589, -0.06509409
0.57774591, -0.7068392, 0.40809351
0.29277644, 0.47893584
-0.2685442, 0.13018812, 0.0
0.46284372, -0.88641012, 0.0
0.27885625, 0.42027295
-0.52604032, -0.24011371, 0.0
-0.6425367, -0.7662282, 0.0
0.03126602, 0.8216515
-0.52604032, -0.2079439, -0.12005687
-0.6425367, -0.66356397, -0.38309884
0.03126605, 0.74026701
-0.40079817, -0.2079439, -0.12005687
0.64818263, -0.65944397, -0.38071841
0.1641642, 0.74026707
-0.40079817, -0.24011371, 0.0
0.64818263, -0.76146734, 0.0
0.16416416, 0.82165153
-0.52604032, -0.12005688, -0.20794392
-0.6425367, -0.38309884, -0.66356397
0.03126608, 0.65888327
-0.40079817, -0.12005688, -0.20794392
0.64818263, -0.38071841, -0.65944397
0.16416427, 0.65888327
-0.52604032, -1e-08, -0.24011372
-0.6425367, 0.0, -0.7662282
0.03126611, 0.57749876
-0.40079817, -1e-08, -0.24011372
0.64818263, 0.0, -0.76146734
0.16416427, 0.57749879
-0.52604032, 0.12005686, -0.20794392
-0.64256722, 0.38309884, -0.66356397
0.03126618, 0.49611419
-0.40079817, 0.12005686, -0.20794392
0.64818263, 0.38071841, -0.65944397
0.16416432, 0.49611425
-0.52604032, 0.20794387, -0.12005687
-0.6425367, 0.66356397, -0.38309884
0.03126621, 0.41473037
-0.40079817, 0.20794387, -0.12005687
0.64818263, 0.65944397, -0.38071841
0.16416441, 0.41473043
-0.52604032, 0.24011374, 0.0
-0.6425367, 0.7662282, 0.0
0.03126624, 0.33334589
-0.40079817, 0.24011374, 0.0
0.64818263, 0.76146734, 0.0
0.16416441, 0.33334589
-0.52604032, 0.20794387, 0.12005686
-0.64256722, 0.66356397, 0.38309884
0.03126627, 0.25196135
-0.40079817, 0.20794387, 0.12005686
0.64818263, 0.65944397, 0.38071841
0.16416441, 0.25196141
-0.52604032, 0.12005686, 0.20794389
-0.64256722, 0.38309884, 0.66356397
0.03126632, 0.17057759
-0.40079817, 0.12005686, 0.20794389
0.64818263, 0.38071841, 0.65944397
0.16416447, 0.17057759
-0.52604032, -1e-08, 0.24011372
-0.6425367, 0.0, 0.7662282
0.03126632, 0.08919305
-0.40079817, -1e-08, 0.24011372
0.64818263, 0.0, 0.76146734
0.16416447, 0.08919305
-0.52604032, -0.12005688, 0.20794389
-0.6425367, -0.38309884, 0.66356397
0.03126632, 0.00780857
-0.40079817, -0.12005688, 0.20794389
0.64818263, -0.38071841, 0.65944397
0.16416447, 0.00780857
-0.52604032, -0.12005688, 0.20794389
-0.6425367, -0.38309884, 0.66356397
0.03126593, 0.98441978
-0.52604032, -0.2079439, 0.12005686
-0.6425367, -0.66356397, 0.38309884
0.03126599, 0.90303607
-0.40079817, -0.2079439, 0.12005686
0.64818263, -0.65944397, 0.38071841
0.16416416, 0.90303607
-0.40079817, -0.12005688, 0.20794389
0.64818263, -0.38071841, 0.65944397
0.1641641, 0.98441978
-0.47326243, -0.02497434, -0.01441898
-0.66377759, -0.64769435, -0.3739433
0.38278234, 0.63199949
-0.47326243, -0.02883798, 0.0
-0.66377759, -0.74791712, 0.0
0.37137297, 0.62893417
-0.47326243, -1e-08, 0.0
-1.0, 0.0, 0.0
0.38278997, 0.60918137
-0.47326243, -0.014419, -0.02497433
-0.66377759, -0.3739433, -0.64769435
0.39419571, 0.62894952
-0.47326243, -1e-08, -0.02883797
-0.66377759, 0.0, -0.74791712
0.38274834, 0.63202813
-0.47326243, -0.014419, -0.02497433
-0.66377759, -0.3739433, -0.64769435
0.39415962, 0.62897038
-0.47326243, 0.01441897, -0.02497433
-0.66377759, 0.3739433, -0.64769435
0.37133688, 0.62897038
-0.47326243, 0.02497432, -0.01441899
-0.66377759, 0.64769435, -0.3739433
0.38272879, 0.63204238
-0.47326243, 0.02883796, 0.0
-0.66377759, 0.74791712, 0.0
0.39414614, 0.6290068
-0.47326243, 0.02497432, 0.01441898
-0.66377759, 0.64769435, 0.3739433
0.38275355, 0.63202813
-0.47326243, 0.02883796, 0.0
-0.66377759, 0.74791712, 0.0
0.39417082, 0.62899265
-0.47326243, 0.01441897, 0.02497433
-0.66377759, 0.3739433, 0.64769435
0.37134811, 0.62894845
-0.47326243, -1e-08, 0.02883797
-0.66377759, 0.0, 0.74791712
0.3827351, 0.63199961
-0.47326243, -0.014419, 0.02497433
-0.66377759, -0.3739433, 0.64769435
0.3941482, 0.62894845
-0.47326243, -0.02497433, 0.01441898
-0.66377759, -0.64769435, 0.3739433
0.3827576, 0.63198519
-0.47326243, -0.014419, 0.02497433
-0.66377759, -0.3739433, 0.64769435
0.39417103, 0.62893534
-0.47326243, -0.02883798, 0.0
-0.66377759, -0.74791712, 0.0
0.3713482, 0.62891993
-0.52917141, -0.14465353, 0.0
-0.96490371, 0.26248971, 0.0
0.32612884, 0.70712847
-0.52604032, -0.24011371, 0.0
-0.6425367, -0.7662282, 0.0
0.288748, 0.7717725
-0.52604032, -0.2079439, 0.12005686
-0.6425367, -0.66356397, 0.38309884
0.38264573, 0.79700011
-0.52917141, -0.1252732, 0.07232675
-0.96490371, 0.22733238, -0.13126011
0.38269639, 0.72232652
-0.52604032, -0.12005688, 0.20794389
-0.6425367, -0.38309884, 0.66356397
0.4765766, 0.77189994
-0.52604032, -1e-08, 0.24011372
-0.6425367, 0.0, 0.7662282
0.38264754, 0.79701042
-0.52917141, -1e-08, 0.14465351
-0.96490371, 0.0, -0.26248971
0.38269073, 0.72233659
-0.52604032, 0.12005686, 0.20794389
-0.64256722, 0.38309884, 0.66356397
0.28874749, 0.77179128
-0.52917141, 0.07232676, 0.1252732
-0.96490371, -0.13126011, -0.22733238
0.32602292, 0.70708638
-0.52604032, 0.12005686, 0.20794389
-0.64256722, 0.38309884, 0.66356397
0.28856105, 0.77168328
-0.52604032, 0.20794387, 0.12005686
-0.64256722, 0.66356397, 0.38309884
0.3824259, 0.7970292
-0.52604032, 0.24011374, 0.0
-0.6425367, 0.7662282, 0.0
0.47638932, 0.77204728
-0.52917141, 0.1446535, 0.0
-0.96490371, -0.26248971, 0.0
0.43917769, 0.70730561
-0.52604032, 0.24011374, 0.0
-0.6425367, 0.7662282, 0.0
0.47637242, 0.772057
-0.52604032, 0.20794387, -0.12005687
-0.6425367, 0.66356397, -0.38309884
0.38240901, 0.79703885
-0.52917141, 0.12527318, -0.07232676
-0.96490371, -0.22733238, 0.13126011
0.38255376, 0.72236544
-0.52604032, 0.12005686, -0.20794392
-0.64256722, 0.38309884, -0.66356397
0.28854412, 0.77169299
-0.52604032, 0.12005686, -0.20794392
-0.64256722, 0.38309884, -0.66356397
0.28884155, 0.77186513
-0.52604032, -1e-08, -0.24011372
-0.6425367, 0.0, -0.7662282
0.38275614, 0.79702991
-0.52917141, -1e-08, -0.14465351
-0.96490371, 0.0, 0.26248971
0.38275614, 0.72235614
-0.52604032, -0.12005688, -0.20794392
-0.6425367, -0.38309884, -0.66356397
0.47667068, 0.77186513
-0.52917141, -0.07232676, -0.12527321
-0.96490371, 0.13126011, 0.22733238
0.43930072, 0.70721501
-0.52604032, -0.12005688, -0.20794392
-0.6425367, -0.38309884, -0.66356397
0.47659352, 0.77190971
-0.52604032, -0.2079439, -0.12005687
-0.6425367, -0.66356397, -0.38309884
0.38266259, 0.79700989
-0.52604032, -0.24011371, 0.0
-0.6425367, -0.7662282, 0.0
0.28876483, 0.77178222
-0.43261179, -0.02999637, 0.0
-0.77901548, -0.62697226, 0.0
0.3710438, 0.58888787
-0.43261179, -0.02597753, -0.01499819
-0.77901548, -0.54298532, -0.31348613
0.382774, 0.58573624
-0.43261179, -0.06927343, -0.03999516
-0.99148536, 0.11267434, 0.06503494
0.38274753, 0.54662856
-0.43261179, 0.06927342, 0.03999515
-0.99148536, -0.11267434, -0.06503494
0.38266867, 0.54660904
-0.43261179, 0.02597752, 0.01499818
-0.77901548, 0.54298532, 0.31348613
0.38274446, 0.58571669
-0.43261179, 0.01499818, 0.02597752
-0.77901548, 0.31348613, 0.54298532
0.37101832, 0.58888307
-0.51755649, 0.11274589, -0.06509409
-0.46284372, -0.76766258, 0.4431898
0.38257569, 0.71104997
-0.43261179, 0.02999637, 0.0
-0.77901548, 0.62697226, 0.0
0.39448288, 0.58883759
-0.52917141, 0.07232676, -0.12527321
-0.96490371, -0.13126011, 0.22733238
0.326006, 0.7070961
-0.51755649, -0.13018817, 0.0
-0.46284372, 0.88641012, 0.0
0.33179328, 0.6973328
-0.43261179, 0.06927342, -0.03999516
-0.99148536, -0.11267434, 0.06503494
0.38265181, 0.54659933
-0.43261179, 0.02597752, -0.01499819
-0.77901548, 0.54298532, -0.31348613
0.38272756, 0.58570698
-0.52917141, 0.07232676, -0.12527321
-0.96490371, -0.13126011, 0.22733238
0.32617843, 0.70719591
-0.51755649, -1e-08, -0.13018817
-0.46284372, 0.0, 0.88641012
0.38275614, 0.71104062
-0.52917141, -0.07232676, 0.1252732
-0.96490371, 0.13126011, -0.22733238
0.43928385, 0.70720524
-0.51755649, -0.06509409, 0.11274589
-0.46284372, 0.4431898, -0.76766258
0.43363273, 0.69740182
-0.43261179, 0.03999515, -0.06927341
-0.99148536, -0.06503494, 0.11267434
0.35138211, 0.55504301
-0.43261179, 0.01499818, -0.02597753
-0.77901548, 0.31348613, -0.54298532
0.37100139, 0.58887336
-0.43261179, -0.06927343, 0.03999515
-0.99148536, 0.11267434, -0.06503494
0.38273066, 0.54663831
-0.43261179, -0.02597753, 0.01499818
-0.77901548, -0.54298532, 0.31348613
0.38275716, 0.58574602
-0.51755649, -1e-08, 0.13018817
-0.46284372, 0.0, -0.88641012
0.38269728, 0.71102113
-0.43261179, -1e-08, -0.02999637
-0.77901548, 0.0, -0.62697226
0.38275614, 0.58571663
-0.43261179, 0.03999515, -0.06927341
-0.99148536, -0.06503494, 0.11267434
0.35146987, 0.5549922
-0.51755649, -0.06509409, -0.1127459
-0.46284372, 0.4431898, 0.76766258
0.43364957, 0.69741157
-0.52917141, -0.1252732, -0.07232676
-0.96490371, 0.22733238, 0.13126011
0.38271326, 0.72233635
-0.43261179, -0.03999516, 0.06927341
-0.99148536, 0.06503494, -0.11267434
0.41402233, 0.55500007
-0.43261179, -0.01499819, 0.02597752
-0.77901548, -0.31348613, 0.54298532
0.39449152, 0.58888167
-0.52917141, 0.07232676, 0.1252732
-0.96490371, -0.13126011, -0.22733238
0.32612178, 0.70714363
-0.43261179, -0.03999516, -0.06927341
-0.99148536, 0.06503494, 0.11267434
0.41404238, 0.5549922
-0.43261179, -0.01499819, -0.02597753
-0.77901548, -0.31348613, -0.54298532
0.39448845, 0.58886039
-0.43261179, -1e-08, 0.02999637
-0.77901548, 0.0, 0.62697226
0.38274255, 0.58573619
-0.51755649, 0.06509408, 0.11274589
-0.46284372, -0.4431898, -0.76766258
0.33169964, 0.69729784
-0.52917141, 0.12527318, 0.07232675
-0.96490371, -0.22733238, -0.13126011
0.38257065, 0.72235572
-0.43261179, 0.03999515, 0.06927341
-0.99148536, -0.06503494, -0.11267434
0.35143855, 0.55502978
-0.51755649, 0.13018812, 0.0
-0.46284372, -0.88641012, 0.0
0.43353894, 0.69749519
-0.44405097, 0.06509408, -0.1127459
-0.57774591, -0.40809351, 0.7068392
0.33168274, 0.52107462
-0.44405097, 0.06509408, -0.1127459
-0.57774591, -0.40809351, 0.7068392
0.33183619, 0.52098584
-0.44405097, -1e-08, -0.13018817
-0.57774591, 0.0, 0.81618702
0.38275614, 0.50734156
-0.43261179, -1e-08, -0.07999032
-0.99148536, 0.0, 0.1301004
0.38275614, 0.54660887
-0.44405097, -0.06509409, -0.1127459
-0.57774591, 0.40809351, 0.7068392
0.43367603, 0.52098584
-0.44405097, -0.06509409, -0.1127459
-0.57774591, 0.40809351, 0.7068392
0.43364957, 0.52097061
-0.44405097, -0.1127459, -0.06509409
-0.57774591, 0.7068392, 0.40809351
0.38272086, 0.50736141
-0.44405097, -0.13018821, 0.0
-0.57774591, 0.81618702, 0.0
0.33181012, 0.52103966
-0.43261179, -0.07999031, 0.0
-0.99148536, 0.1301004, 0.0
0.35146689, 0.55503282
-0.44405097, -0.1127459, 0.06509408
-0.57774591, 0.7068392, -0.40809351
0.38270402, 0.50737113
-0.44405097, -0.06509409, 0.11274589
-0.57774591, 0.40809351, -0.7068392
0.43363273, 0.52098036
-0.44405097, -1e-08, 0.13018817
-0.57774591, 0.0, -0.81618702
0.38269728, 0.50736105
-0.43261179, -1e-08, 0.07999031
-0.99148536, 0.0, -0.1301004
0.38271999, 0.54662839
-0.44405097, 0.06509408, 0.11274589
-0.57774591, -0.40809351, -0.7068392
0.33178523, 0.52103481
-0.44405097, 0.06509408, 0.11274589
-0.57774591, -0.40809351, -0.7068392
0.33169964, 0.52108434
-0.44405097, 0.11274589, 0.06509408
-0.57774591, -0.7068392, -0.40809351
0.38259256, 0.50734192
-0.44405097, 0.13018812, 0.0
-0.57774591, -0.81618702, 0.0
0.43353894, 0.52088699
-0.43261179, 0.07999031, 0.0
-0.99148536, -0.1301004, 0.0
0.41397116, 0.55493146
-0.44405097, 0.11274589, -0.06509409
-0.57774591, -0.7068392, 0.40809351
0.38257569, 0.50733221
-0.40079817, -0.12005688, -0.20794392
0.64818263, -0.38071841, -0.65944397
0.7122122, 0.77186382
-0.3975361, -0.02597753, -0.01499819
0.98297065, -0.15900144, -0.09179968
0.78580964, 0.62092406
-0.40079817, -0.2079439, -0.12005687
0.64818263, -0.65944397, -0.38071841
0.6434589, 0.70311052
-0.3975361, -1e-08, -0.02999637
0.98297065, 0.0, -0.18359935
0.8061316, 0.63265699
-0.40079817, -1e-08, -0.24011372
0.64818263, 0.0, -0.76146734
0.8061316, 0.79702991
-0.3975361, 0.01499818, 0.02597752
0.98297065, 0.09179968, 0.15900144
0.81786454, 0.58886915
-0.40079817, 0.20794387, 0.12005686
0.64818263, 0.65944397, 0.38071841
0.96880424, 0.51527172
-0.40079817, 0.12005686, 0.20794389
0.64818263, 0.38071841, 0.65944397
0.900051, 0.44651848
-0.3975361, 0.02999637, 0.0
0.98297065, 0.18359935, 0.0
0.82959747, 0.60919112
-0.3975361, 0.02597752, 0.01499818
0.98297065, 0.15900144, 0.09179968
0.82645357, 0.59745818
-0.3975361, -0.02999637, 0.0
0.98297065, -0.18359935, 0.0
0.78266573, 0.60919112
-0.40079817, -0.2079439, 0.12005686
0.64818263, -0.65944397, 0.38071841
0.6434589, 0.51527172
-0.40079817, -0.24011371, 0.0
0.64818263, -0.76146734, 0.0
0.61829281, 0.60919112
-0.3975361, -1e-08, 0.02999637
0.98297065, 0.0, 0.18359935
0.8061316, 0.58572525
-0.40079817, -0.12005688, 0.20794389
0.64818263, -0.38071841, 0.65944397
0.7122122, 0.44651848
-0.3975361, -0.01499819, 0.02597752
0.98297065, -0.09179968, 0.15900144
0.79439867, 0.58886915
-0.3975361, 0.02597752, -0.01499819
0.98297065, 0.15900144, -0.09179968
0.82645357, 0.62092406
-0.40079817, 0.12005686, -0.20794392
0.64818263, 0.38071841, -0.65944397
0.900051, 0.77186382
-0.40079817, 0.20794387, -0.12005687
0.64818263, 0.65944397, -0.38071841
0.96880424, 0.70311052
-0.43261179, 0.03999515, 0.06927341
-0.99148536, -0.06503494, -0.11267434
0.35139894, 0.5550527
-0.51755649, 0.06509408, -0.1127459
-0.46284372, -0.4431898, 0.76766258
0.33168274, 0.69730756
-0.51755649, -0.1127459, 0.06509408
-0.46284372, 0.76766258, -0.4431898
0.38270402, 0.71101105
-0.51755649, 0.06509408, -0.1127459
-0.46284372, -0.4431898, 0.76766258
0.33183619, 0.69739634
-0.51755649, -0.06509409, -0.1127459
-0.46284372, 0.4431898, 0.76766258
0.43367603, 0.69739634
-0.51755649, -0.1127459, -0.06509409
-0.46284372, 0.76766258, 0.4431898
0.38272086, 0.71102077
-0.51755649, 0.06509408, 0.11274589
-0.46284372, -0.4431898, -0.76766258
0.33178523, 0.69734737
-0.51755649, 0.11274589, 0.06509408
-0.46284372, -0.76766258, -0.4431898
0.38259256, 0.71104026
-0.40079817, 0.24011374, 0.0
0.64818263, 0.76146734, 0.0
0.99397039, 0.60919112
-0.3975361, -0.02597753, 0.01499818
0.98297065, -0.15900144, 0.09179968
0.78580964, 0.59745818
-0.3975361, -0.01499819, -0.02597753
0.98297065, -0.09179968, -0.15900144
0.79439867, 0.62951308
-0.3975361, 0.01499818, -0.02597753
0.98297065, 0.09179968, -0.15900144
0.81786454, 0.62951308
-0.43261179, -0.02597753, 0.01499818
-0.77901548, -0.54298532, 0.31348613
0.36247733, 0.66514635
-0.47326243, -0.02883798, 0.0
-0.66377759, -0.74791712, 0.0
0.36024439, 0.63341329
-0.43261179, -0.02999637, 0.0
-0.77901548, -0.62697226, 0.0
0.35934013, 0.66514635
-0.43261179, -0.01499819, 0.02597752
-0.77901548, -0.31348613, 0.54298532
0.37104815, 0.66514635
-0.47326243, -0.02497433, 0.01441898
-0.66377759, -0.64769435, 0.3739433
0.36326045, 0.63341329
-0.43261179, -1e-08, 0.02999637
-0.77901548, 0.0, 0.62697226
0.38275614, 0.66514635
-0.47326243, -0.014419, 0.02497433
-0.66377759, -0.3739433, 0.64769435
0.37150025, 0.63341329
-0.47326243, 0.01441897, 0.02497433
-0.66377759, 0.3739433, 0.64769435
0.39401203, 0.63341329
-0.47326243, -1e-08, 0.02883797
-0.66377759, 0.0, 0.74791712
0.38275614, 0.63341329
-0.43261179, 0.01499818, 0.02597752
-0.77901548, 0.31348613, 0.54298532
0.39446416, 0.66514635
-0.47326243, 0.02497432, 0.01441898
-0.66377759, 0.64769435, 0.3739433
0.40225184, 0.63341329
-0.43261179, 0.02597752, 0.01499818
-0.77901548, 0.54298532, 0.31348613
0.40303496, 0.66514635
-0.47326243, 0.02883796, 0.0
-0.66377759, 0.74791712, 0.0
0.40526789, 0.63341329
-0.43261179, 0.02597752, -0.01499819
-0.77901548, 0.54298532, -0.31348613
0.40303496, 0.66514635
-0.43261179, 0.02999637, 0.0
-0.77901548, 0.62697226, 0.0
0.40617219, 0.66514635
-0.43261179, 0.01499818, -0.02597753
-0.77901548, 0.31348613, -0.54298532
0.39446416, 0.66514635
-0.47326243, 0.02497432, -0.01441899
-0.66377759, 0.64769435, -0.3739433
0.40225184, 0.63341329
-0.43261179, -1e-08, -0.02999637
-0.77901548, 0.0, -0.62697226
0.38275614, 0.66514635
-0.47326243, 0.01441897, -0.02497433
-0.66377759, 0.3739433, -0.64769435
0.39401203, 0.63341329
-0.43261179, -0.01499819, -0.02597753
-0.77901548, -0.31348613, -0.54298532
0.37104815, 0.66514635
-0.47326243, -1e-08, -0.02883797
-0.66377759, 0.0, -0.74791712
0.38275614, 0.63341329
-0.47326243, -0.02497434, -0.01441898
-0.66377759, -0.64769435, -0.3739433
0.36326045, 0.63341329
-0.47326243, -0.014419, -0.02497433
-0.66377759, -0.3739433, -0.64769435
0.37150025, 0.63341329
-0.43261179, -0.02597753, -0.01499819
-0.77901548, -0.54298532, -0.31348613
0.36247733, 0.66514635
-0.51755649, 0.11274589, 0.06509408
-0.46284372, -0.76766258, -0.4431898
0.29277644, 0.42027295
-0.44405097, 0.13018812, 0.0
-0.57774591, -0.81618702, 0.0
0.27885625, 0.47893584
-0.44405097, 0.11274589, 0.06509408
-0.57774591, -0.7068392, -0.40809351
0.29277644, 0.47893584
-0.44405097, 0.06509408, 0.11274589
-0.57774591, -0.40809351, -0.7068392
0.33080614, 0.47893584
-0.51755649, -1e-08, 0.13018817
-0.46284372, 0.0, -0.88641012
0.38275599, 0.42027295
-0.51755649, 0.06509408, 0.11274589
-0.46284372, -0.4431898, -0.76766258
0.33080614, 0.42027295
-0.44405097, -0.06509409, 0.11274589
-0.57774591, 0.40809351, -0.7068392
0.43470585, 0.47893584
-0.44405097, -1e-08, 0.13018817
-0.57774591, 0.0, -0.81618702
0.38275599, 0.47893584
-0.51755649, -0.1127459, 0.06509408
-0.46284372, 0.76766258, -0.4431898
0.47273555, 0.42027295
-0.44405097, -0.1127459, 0.06509408
-0.57774591, 0.7068392, -0.40809351
0.47273555, 0.47893584
-0.44405097, -0.13018821, 0.0
-0.57774591, 0.81618702, 0.0
0.48665574, 0.47893584
-0.51755649, -0.13018817, 0.0
-0.46284372, 0.88641012, 0.0
0.48665574, 0.42027295
-0.44405097, -0.1127459, -0.06509409
-0.57774591, 0.7068392, 0.40809351
0.47273555, 0.47893584
-0.44405097, -0.06509409, -0.1127459
-0.57774591, 0.40809351, 0.7068392
0.43470585, 0.47893584
-0.51755649, -0.1127459, -0.06509409
-0.46284372, 0.76766258, 0.4431898
0.47273555, 0.42027295
-0.51755649, -1e-08, -0.13018817
-0.46284372, 0.0, 0.88641012
0.38275599, 0.42027295
-0.51755649, -0.06509409, -0.1127459
-0.46284372, 0.4431898, 0.76766258
0.43470585, 0.42027295
-0.51755649, 0.06509408, -0.1127459
-0.46284372, -0.4431898, 0.76766258
0.33080614, 0.42027295
-0.44405097, -1e-08, -0.13018817
-0.57774591, 0.0, 0.81618702
0.38275599, 0.47893584
-0.44405097, 0.06509408, -0.1127459
-0.57774591, -0.40809351, 0.7068392
0.33080614, 0.47893584
-0.51755649, 0.11274589, -0.06509409
-0.46284372, -0.76766258, 0.4431898
0.29277644, 0.42027295
-0.51755649, 0.13018812, 0.0
-0.46284372, -0.88641012, 0.0
0.27885625, 0.42027295
-0.44405097, 0.11274589, -0.06509409
-0.57774591, -0.7068392, 0.40809351
0.29277644, 0.47893584
0.38530251, -1e-08, 0.24011372
0.64818263, 0.0, 0.76146734
0.8061316, 0.42135233
0.2685442, -0.06509409, 0.11274589
-0.46284372, 0.4431898, -0.76766258
0.43470585, 0.42027295
0.47326243, 0.01441897, 0.02497433
0.66377759, 0.3739433, 0.64769435
0.39401203, 0.63341329
0.47326243, -0.014419, -0.02497433
0.66377759, -0.3739433, -0.64769435
0.37150025, 0.63341329
0.51755649, -0.06509409, 0.11274589
0.46284372, 0.4431898, -0.76766258
0.43470585, 0.42027295
-0.31283826, 0.01441897, 0.02497433
0.66377759, 0.3739433, 0.64769435
0.39401203, 0.63341331
-0.31283826, 0.01441897, -0.02497433
0.66377759, 0.3739433, -0.64769435
0.39401203, 0.63341331
-0.31283826, -0.014419, -0.02497433
0.66377759, -0.3739433, -0.64769435
0.37150025, 0.63341331
-0.2685442, -0.06509409, 0.11274589
0.46284372, 0.4431898, -0.76766258
0.43470585, 0.42027295
-0.40079817, -1e-08, 0.24011372
0.64818263, 0.0, 0.76146734
0.8061316, 0.42135233
-0.51755649, -0.06509409, 0.11274589
-0.46284372, 0.4431898, -0.76766258
0.43470585, 0.42027295
# Number of Faces:
912
# Face Data:
0, 1, 2
2, 3, 0
1, 4, 5
5, 2, 1
4, 6, 7
7, 5, 4
6, 8, 9
9, 7, 6
8, 10, 11
11, 9, 8
10, 12, 13
13, 11, 10
12, 14, 15
15, 13, 12
14, 16, 17
17, 15, 14
16, 18, 19
19, 17, 16
18, 20, 21
21, 19, 18
22, 23, 24
24, 25, 22
23, 0, 3
3, 24, 23
26, 27, 28
29, 26, 28
30, 31, 28
32, 30, 28
33, 32, 28
34, 33, 28
35, 36, 28
37, 35, 28
38, 37, 28
39, 38, 28
40, 41, 28
42, 40, 28
43, 44, 45
46, 45, 47
47, 48, 49
49, 48, 50
51, 52, 53
53, 54, 55
55, 56, 57
58, 57, 59
60, 61, 62
62, 61, 63
64, 65, 66
66, 67, 43
68, 69, 70
71, 72, 73
55, 58, 74
75, 72, 71
74, 58, 76
77, 43, 46
78, 79, 75
80, 62, 81
46, 82, 83
84, 85, 79
81, 62, 64
86, 87, 68
82, 49, 88
89, 85, 90
91, 64, 92
93, 94, 87
88, 49, 95
96, 97, 89
92, 43, 77
98, 94, 93
99, 51, 100
70, 69, 97
101, 73, 98
100, 55, 102
103, 84, 78
104, 105, 106
107, 96, 106
108, 109, 70
109, 110, 111
112, 86, 111
112, 113, 93
113, 114, 115
116, 101, 115
117, 118, 71
118, 119, 120
119, 121, 78
122, 123, 124
125, 122, 126
127, 128, 129
130, 131, 127
132, 133, 134
132, 124, 123
135, 136, 137
138, 139, 140
43, 45, 46
46, 47, 82
47, 49, 82
49, 50, 95
51, 53, 100
53, 55, 100
55, 57, 58
58, 59, 76
60, 62, 80
62, 63, 64
64, 66, 92
66, 43, 92
68, 70, 111
71, 73, 141
55, 74, 102
75, 71, 120
74, 76, 142
77, 46, 143
78, 75, 120
80, 81, 144
46, 83, 143
84, 79, 78
81, 64, 145
86, 68, 111
82, 88, 83
89, 90, 106
91, 92, 146
93, 87, 86
88, 95, 147
96, 89, 106
92, 77, 146
98, 93, 115
99, 100, 148
70, 97, 96
101, 98, 115
100, 102, 148
103, 78, 121
104, 106, 90
107, 106, 105
108, 70, 96
109, 111, 70
112, 111, 110
112, 93, 86
113, 115, 93
116, 115, 114
117, 71, 141
118, 120, 71
119, 78, 120
140, 125, 126
130, 138, 149
136, 150, 137
128, 135, 129
129, 151, 127
152, 150, 132
150, 153, 137
127, 154, 130
155, 156, 125
123, 152, 132
154, 157, 130
137, 158, 135
158, 129, 135
157, 159, 139
139, 155, 125
160, 123, 156
161, 162, 163
164, 165, 161
166, 167, 164
166, 168, 169
170, 171, 168
172, 173, 171
174, 173, 175
176, 177, 174
178, 179, 176
180, 181, 178
182, 183, 180
182, 162, 184
185, 186, 187
188, 185, 187
188, 189, 190
191, 189, 192
193, 191, 194
193, 195, 196
197, 195, 198
199, 197, 198
199, 200, 201
202, 203, 204
204, 205, 202
206, 207, 186
208, 209, 210
209, 208, 211
210, 212, 213
212, 210, 209
213, 214, 215
214, 213, 212
215, 216, 217
216, 215, 214
217, 218, 219
218, 217, 216
219, 220, 221
220, 219, 218
221, 222, 223
222, 221, 220
223, 224, 225
224, 223, 222
225, 226, 227
226, 225, 224
227, 228, 229
228, 227, 226
230, 231, 232
231, 230, 233
232, 211, 208
211, 232, 231
234, 235, 236
237, 235, 234
238, 235, 239
240, 235, 238
241, 235, 240
242, 235, 241
243, 235, 244
245, 235, 243
246, 235, 245
247, 235, 246
248, 235, 249
250, 235, 248
251, 252, 253
254, 255, 252
255, 256, 257
256, 258, 257
259, 260, 261
260, 262, 263
262, 264, 265
266, 267, 264
268, 269, 270
269, 271, 270
272, 273, 274
273, 251, 275
276, 277, 278
279, 280, 281
262, 282, 266
283, 279, 281
282, 284, 266
285, 254, 251
286, 283, 287
288, 289, 269
254, 290, 291
292, 287, 293
289, 272, 269
294, 276, 295
291, 296, 256
297, 298, 293
299, 300, 272
301, 295, 302
296, 303, 256
304, 297, 305
300, 285, 251
306, 301, 302
307, 308, 259
277, 305, 278
309, 306, 280
308, 310, 262
311, 286, 292
312, 313, 314
315, 313, 304
316, 277, 317
317, 318, 319
320, 318, 294
320, 301, 321
321, 322, 323
324, 322, 309
325, 279, 326
326, 327, 328
328, 286, 329
330, 331, 332
333, 331, 334
335, 336, 337
338, 339, 340
341, 342, 343
341, 332, 344
345, 346, 347
348, 349, 350
251, 254, 252
254, 291, 255
255, 291, 256
256, 303, 258
259, 308, 260
260, 308, 262
262, 266, 264
266, 284, 267
268, 288, 269
269, 272, 271
272, 300, 273
273, 300, 251
276, 318, 277
279, 351, 280
262, 310, 282
283, 327, 279
282, 352, 284
285, 353, 254
286, 327, 283
288, 354, 289
254, 353, 290
292, 286, 287
289, 355, 272
294, 318, 276
291, 290, 296
297, 313, 298
299, 356, 300
301, 294, 295
296, 357, 303
304, 313, 297
300, 356, 285
306, 322, 301
307, 358, 308
277, 304, 305
309, 322, 306
308, 358, 310
311, 329, 286
312, 298, 313
315, 314, 313
316, 304, 277
317, 277, 318
320, 319, 318
320, 294, 301
321, 301, 322
324, 323, 322
325, 351, 279
326, 279, 327
328, 327, 286
333, 348, 359
338, 350, 349
343, 346, 360
345, 335, 337
336, 361, 337
343, 152, 341
343, 153, 362
336, 154, 151
334, 155, 333
330, 152, 363
349, 154, 338
360, 158, 153
337, 158, 345
364, 365, 349
364, 155, 159
330, 160, 334
366, 367, 368
369, 370, 367
371, 372, 370
373, 374, 372
374, 375, 376
376, 377, 378
378, 379, 380
379, 381, 380
382, 383, 381
384, 385, 383
385, 386, 387
387, 366, 368
388, 389, 390
389, 391, 390
392, 391, 393
392, 394, 395
394, 396, 397
398, 397, 396
399, 400, 401
400, 402, 401
403, 402, 404
405, 406, 407
408, 407, 406
409, 410, 388
411, 412, 413
412, 411, 414
413, 415, 416
415, 413, 412
416, 417, 418
417, 416, 415
418, 419, 420
419, 418, 417
420, 421, 422
421, 420, 419
422, 423, 424
423, 422, 421
424, 425, 426
425, 424, 423
426, 427, 428
427, 426, 425
428, 429, 430
429, 428, 427
430, 431, 432
431, 430, 429
433, 434, 435
434, 433, 436
435, 414, 411
414, 435, 434
437, 438, 439
440, 438, 437
441, 438, 442
443, 438, 441
444, 438, 443
445, 438, 444
446, 438, 447
448, 438, 446
449, 438, 448
450, 438, 449
451, 438, 452
453, 438, 451
454, 455, 456
457, 458, 455
458, 459, 460
459, 461, 460
462, 463, 464
463, 465, 466
465, 467, 468
469, 470, 467
471, 472, 473
472, 474, 473
475, 476, 477
476, 454, 478
479, 480, 481
482, 483, 484
465, 485, 469
486, 482, 484
485, 487, 469
488, 457, 454
489, 486, 490
491, 492, 472
457, 493, 494
495, 490, 496
492, 475, 472
497, 479, 498
494, 499, 459
500, 501, 496
502, 503, 475
504, 498, 505
499, 506, 459
507, 500, 508
503, 488, 454
509, 504, 505
510, 511, 462
480, 508, 481
512, 509, 483
511, 513, 465
514, 489, 495
515, 516, 517
518, 516, 507
519, 480, 520
520, 521, 522
523, 521, 497
523, 504, 524
524, 525, 526
527, 525, 512
528, 482, 529
529, 530, 531
531, 489, 532
533, 534, 535
536, 535, 534
537, 538, 539
540, 541, 542
543, 544, 545
543, 533, 546
547, 548, 549
550, 551, 552
454, 457, 455
457, 494, 458
458, 494, 459
459, 506, 461
462, 511, 463
463, 511, 465
465, 469, 467
469, 487, 470
471, 491, 472
472, 475, 474
475, 503, 476
476, 503, 454
479, 521, 480
482, 553, 483
465, 513, 485
486, 530, 482
485, 554, 487
488, 555, 457
489, 530, 486
491, 556, 492
457, 555, 493
495, 489, 490
492, 557, 475
497, 521, 479
494, 493, 499
500, 516, 501
502, 558, 503
504, 497, 498
499, 559, 506
507, 516, 500
503, 558, 488
509, 525, 504
510, 560, 511
480, 507, 508
512, 525, 509
511, 560, 513
514, 532, 489
515, 501, 516
518, 517, 516
519, 507, 480
520, 480, 521
523, 522, 521
523, 497, 504
524, 504, 525
527, 526, 525
528, 553, 482
529, 482, 530
531, 530, 489
536, 550, 561
540, 552, 551
545, 548, 562
547, 537, 539
539, 563, 564
545, 565, 543
545, 566, 567
538, 568, 563
534, 569, 536
570, 565, 571
551, 568, 540
562, 572, 566
539, 572, 547
551, 573, 574
575, 569, 573
570, 576, 534
577, 578, 579
580, 581, 578
582, 583, 581
584, 585, 583
585, 586, 587
587, 588, 589
588, 590, 589
591, 592, 590
592, 593, 594
593, 595, 594
595, 596, 597
597, 577, 579
598, 599, 600
599, 601, 600
602, 601, 603
602, 604, 605
604, 606, 607
608, 607, 606
609, 610, 611
610, 612, 611
613, 612, 614
615, 616, 617
618, 617, 616
619, 620, 598
621, 622, 623
623, 624, 621
622, 625, 626
626, 623, 622
625, 627, 628
628, 626, 625
627, 629, 630
630, 628, 627
629, 631, 632
632, 630, 629
631, 633, 634
634, 632, 631
633, 635, 636
636, 634, 633
635, 637, 638
638, 636, 635
637, 639, 640
640, 638, 637
639, 641, 642
642, 640, 639
643, 644, 645
645, 646, 643
644, 621, 624
624, 645, 644
647, 648, 649
650, 647, 649
651, 652, 649
653, 651, 649
654, 653, 649
655, 654, 649
656, 657, 649
658, 656, 649
659, 658, 649
660, 659, 649
661, 662, 649
663, 661, 649
664, 665, 666
667, 666, 668
668, 669, 670
670, 669, 671
672, 673, 674
674, 675, 676
676, 677, 678
679, 678, 680
681, 682, 683
683, 682, 684
685, 686, 687
687, 688, 664
689, 690, 691
692, 693, 694
676, 679, 695
696, 693, 692
695, 679, 697
698, 664, 667
699, 700, 696
701, 683, 702
667, 703, 704
705, 706, 700
702, 683, 685
707, 708, 689
703, 670, 709
710, 706, 711
712, 685, 713
714, 715, 708
709, 670, 716
717, 718, 710
713, 664, 698
719, 715, 714
720, 672, 721
691, 690, 718
722, 694, 719
721, 676, 723
724, 705, 699
725, 726, 727
728, 717, 727
729, 730, 691
730, 731, 732
733, 707, 732
733, 734, 714
734, 735, 736
737, 722, 736
738, 739, 692
739, 740, 741
740, 742, 699
743, 744, 745
746, 743, 747
748, 749, 750
751, 749, 752
753, 754, 755
753, 745, 744
756, 757, 758
759, 760, 761
664, 666, 667
667, 668, 703
668, 670, 703
670, 671, 716
672, 674, 721
674, 676, 721
676, 678, 679
679, 680, 697
681, 683, 701
683, 684, 685
685, 687, 713
687, 664, 713
689, 691, 732
692, 694, 762
676, 695, 723
696, 692, 741
695, 697, 763
698, 667, 764
699, 696, 741
701, 702, 765
667, 704, 764
705, 700, 699
702, 685, 766
707, 689, 732
703, 709, 704
710, 711, 727
712, 713, 767
714, 708, 707
709, 716, 768
717, 710, 727
713, 698, 767
719, 714, 736
720, 721, 769
691, 718, 717
722, 719, 736
721, 723, 769
724, 699, 742
725, 727, 711
728, 727, 726
729, 691, 717
730, 732, 691
733, 732, 731
733, 714, 707
734, 736, 714
737, 736, 735
738, 692, 762
739, 741, 692
740, 699, 741
760, 746, 747
751, 761, 770
757, 771, 758
750, 756, 748
564, 752, 748
565, 771, 753
567, 758, 771
752, 568, 751
569, 772, 746
744, 565, 753
568, 759, 751
758, 572, 756
572, 748, 756
574, 773, 759
773, 569, 746
576, 744, 772
774, 775, 776
777, 778, 774
779, 780, 777
779, 781, 782
783, 784, 781
785, 786, 784
787, 786, 788
789, 790, 787
791, 792, 789
793, 794, 791
793, 795, 796
797, 775, 795
798, 799, 800
801, 798, 800
801, 802, 803
804, 802, 805
806, 804, 807
806, 808, 809
810, 809, 808
811, 812, 810
811, 813, 814
815, 816, 817
817, 818, 815
819, 820, 799
122, 156, 123
125, 156, 122
127, 131, 128
130, 149, 131
132, 150, 133
132, 134, 124
135, 821, 136
138, 157, 139
140, 139, 125
130, 157, 138
136, 133, 150
128, 821, 135
129, 361, 151
152, 362, 150
150, 362, 153
127, 151, 154
155, 160, 156
123, 363, 152
154, 365, 157
137, 153, 158
158, 361, 129
157, 365, 159
139, 159, 155
160, 363, 123
161, 165, 162
164, 167, 165
166, 169, 167
166, 170, 168
170, 172, 171
172, 175, 173
174, 177, 173
176, 179, 177
178, 181, 179
180, 183, 181
182, 184, 183
182, 163, 162
185, 206, 186
188, 190, 185
188, 192, 189
191, 822, 189
193, 822, 191
193, 194, 195
197, 196, 195
199, 201, 197
199, 203, 200
202, 200, 203
204, 207, 205
206, 205, 207
330, 334, 331
333, 359, 331
335, 339, 336
338, 336, 339
341, 344, 342
341, 330, 332
345, 360, 346
348, 364, 349
333, 364, 348
338, 340, 350
343, 342, 346
345, 347, 335
336, 151, 361
343, 362, 152
343, 360, 153
336, 338, 154
334, 160, 155
330, 341, 152
349, 365, 154
360, 345, 158
337, 361, 158
364, 159, 365
364, 333, 155
330, 363, 160
366, 369, 367
369, 371, 370
371, 373, 372
373, 823, 374
374, 823, 375
376, 375, 377
378, 377, 379
379, 382, 381
382, 384, 383
384, 824, 385
385, 824, 386
387, 386, 366
388, 410, 389
389, 393, 391
392, 395, 391
392, 825, 394
394, 825, 396
398, 399, 397
399, 398, 400
400, 404, 402
403, 405, 402
405, 403, 406
408, 409, 407
409, 408, 410
533, 570, 534
536, 561, 535
537, 541, 538
540, 538, 541
543, 546, 544
543, 570, 533
547, 562, 548
550, 575, 551
536, 575, 550
540, 542, 552
545, 544, 548
547, 549, 537
539, 538, 563
545, 567, 565
545, 562, 566
538, 540, 568
534, 576, 569
570, 543, 565
551, 574, 568
562, 547, 572
539, 564, 572
551, 575, 573
575, 536, 569
570, 571, 576
577, 580, 578
580, 582, 581
582, 584, 583
584, 826, 585
585, 826, 586
587, 586, 588
588, 591, 590
591, 827, 592
592, 827, 593
593, 828, 595
595, 828, 596
597, 596, 577
598, 620, 599
599, 603, 601
602, 605, 601
602, 829, 604
604, 829, 606
608, 609, 607
609, 608, 610
610, 614, 612
613, 615, 612
615, 613, 616
618, 619, 617
619, 618, 620
743, 772, 744
746, 772, 743
748, 752, 749
751, 770, 749
753, 771, 754
753, 755, 745
756, 830, 757
759, 773, 760
760, 773, 746
751, 759, 761
757, 754, 771
750, 830, 756
564, 563, 752
565, 567, 771
567, 566, 758
752, 563, 568
569, 576, 772
744, 571, 565
568, 574, 759
758, 566, 572
572, 564, 748
574, 573, 773
773, 573, 569
576, 571, 744
774, 778, 775
777, 780, 778
779, 782, 780
779, 783, 781
783, 785, 784
785, 788, 786
787, 790, 786
789, 792, 790
791, 794, 792
793, 796, 794
793, 797, 795
797, 776, 775
798, 819, 799
801, 803, 798
801, 805, 802
804, 831, 802
806, 831, 804
806, 807, 808
810, 812, 809
811, 814, 812
811, 816, 813
815, 813, 816
817, 820, 818
819, 818, 820
