# Project Zomboid Skinned Mesh
# File Version:
1.0
# Model Name:
Vehicle_Wheel03
# Vertex Stride Element Count:
3
# Vertex Stride Size (in bytes):
76
# Vertex Stride Data:
# (Int)    Offset
# (String) Type
0
VertexArray
12
NormalArray
24
TextureCoordArray
# Vertex Count:
149
# Vertex Buffer:
0.08258737, 0.21349198, 0.00082346
0.0, 1.0, 0.0
0.0252548, 0.82703011
-0.08280246, 0.18485233, 0.10770577
0.0, 0.86602372, 0.49998474
0.17315847, 0.74685866
0.08258737, 0.18485233, 0.10770577
0.0, 0.86602372, 0.49998474
0.02525483, 0.7468586
-0.08280246, 0.21349198, 0.00082346
0.0, 1.0, 0.0
0.17315841, 0.82703014
-0.08280246, 0.10660968, 0.18594845
0.0, 0.49998474, 0.86602372
0.17315854, 0.66668785
0.08258737, 0.10660968, 0.18594845
0.0, 0.49998474, 0.86602372
0.02525487, 0.66668785
-0.08280246, -0.00027263, 0.21458808
0.0, 0.0, 1.0
0.17315854, 0.58651638
0.08258737, -0.00027263, 0.21458808
0.0, 0.0, 1.0
0.02525491, 0.58651635
-0.08280246, -0.10715494, 0.18594845
0.0, -0.49998474, 0.86602372
0.1731586, 0.50634488
0.08258737, -0.10715494, 0.18594845
0.0, -0.49998474, 0.86602372
0.02525498, 0.5063448
-0.08280246, -0.1853976, 0.10770577
0.0, -0.86602372, 0.49998474
0.17315869, 0.42617404
0.08258737, -0.1853976, 0.10770577
0.0, -0.86602372, 0.49998474
0.02525502, 0.42617399
-0.08280246, -0.21403725, 0.00082346
0.0, -1.0, 0.0
0.17315869, 0.34600246
0.08258737, -0.21403725, 0.00082346
0.0, -1.0, 0.0
0.02525505, 0.34600246
-0.08280246, -0.1853976, -0.10605884
0.0, -0.86602372, -0.49998474
0.17315869, 0.26583099
0.08258737, -0.1853976, -0.10605884
0.0, -0.86602372, -0.49998474
0.02525509, 0.26583093
-0.08280246, -0.10715494, -0.1843015
0.0, -0.49998474, -0.86602372
0.17315876, 0.18566018
0.08258737, -0.10715494, -0.1843015
0.0, -0.49998474, -0.86602372
0.02525513, 0.18566018
-0.08280246, -0.00027263, -0.21294115
0.0, 0.0, -1.0
0.17315876, 0.1054886
0.08258737, -0.00027263, -0.21294115
0.0, 0.0, -1.0
0.02525513, 0.1054886
-0.08280246, 0.10660968, -0.1843015
0.0, 0.25879696, -0.96591085
0.17315876, 0.02531713
0.08258737, 0.10660968, -0.1843015
0.0, 0.25879696, -0.96591085
0.02525513, 0.02531713
0.08258737, 0.10660968, -0.1843015
0.0, 0.70708334, -0.70708334
0.02525469, 0.9873724
-0.08280246, 0.18485233, -0.10605884
0.0, 0.86602372, -0.49998474
0.17315841, 0.90720168
0.08258737, 0.18485233, -0.10605884
0.0, 0.86602372, -0.49998474
0.02525477, 0.90720168
-0.08280246, 0.10660968, -0.1843015
0.0, 0.70708334, -0.70708334
0.17315835, 0.9873724
0.08672212, 0.02749611, 0.01685581
0.99343854, 0.09897152, 0.05713065
0.40593922, 0.59577355
0.08672212, -0.00027263, 0.00082346
0.99996948, 0.0, 0.0
0.38274172, 0.6091561
0.08672212, 0.03179206, 0.00082346
0.99343854, 0.11429182, 0.0
0.40954533, 0.60916713
0.08672212, 0.01575972, 0.02859221
0.99343854, 0.05713065, 0.09897152
0.39614218, 0.58596069
0.08672212, -0.00027263, 0.03288816
0.99343854, 0.0, 0.11429182
0.38274643, 0.58236119
0.08672212, -0.01630498, 0.02859221
0.99343854, -0.05713065, 0.09897152
0.36935115, 0.58594915
0.08672212, -0.02804138, 0.01685581
0.99343854, -0.09897152, 0.05713065
0.3595255, 0.59574169
0.08672212, -0.03233733, 0.00082346
0.99343854, -0.11429182, 0.0
0.35592589, 0.60915366
0.08672212, -0.02804138, -0.01520888
0.99343854, -0.09897152, -0.05713065
0.35954458, 0.62255126
0.08672212, -0.01630498, -0.02694528
0.99343854, -0.05713065, -0.09897152
0.36935043, 0.63235772
0.08672212, -0.00027263, -0.03124123
0.99343854, 0.0, -0.11429182
0.3827461, 0.63594911
0.08672212, 0.01575972, -0.02694528
0.99343854, 0.05713065, -0.09897152
0.39613709, 0.63234982
0.08672212, 0.02749611, -0.01520888
0.99343854, 0.09897152, -0.05713065
0.40594763, 0.62255782
-0.0869372, 0.01575972, 0.02859221
-0.99383527, 0.05529954, 0.09576708
0.39626685, 0.58599156
-0.0869372, 0.02749611, 0.01685581
-0.99383527, 0.09576708, 0.05529954
0.40610889, 0.59581822
-0.0869372, -0.00027263, 0.00082346
-1.0, 0.0, 0.0
0.38283631, 0.60926864
-0.0869372, -0.01630498, 0.02859221
-0.99383527, -0.05529954, 0.09576708
0.36940494, 0.58600608
-0.0869372, -0.00027263, 0.03288816
-0.99383527, 0.0, 0.11059908
0.38283285, 0.58239105
-0.0869372, -0.02804138, 0.01685581
-0.99383527, -0.09576708, 0.05529954
0.35956815, 0.59582931
-0.0869372, -0.00027263, -0.03124123
-0.99383527, 0.0, -0.11059908
0.38275769, 0.63622358
-0.0869372, -0.01630498, -0.02694528
-0.99383527, -0.05529954, -0.09576708
0.36935809, 0.63256735
-0.0869372, 0.01575972, -0.02694528
-0.99383527, 0.05529954, -0.09576708
0.39623547, 0.63245788
-0.0869372, -0.03233733, 0.00082346
-0.99383527, -0.11059908, 0.0
0.35596129, 0.6092602
-0.0869372, 0.03179206, 0.00082346
-0.99383527, 0.11059908, 0.0
0.40974954, 0.60924128
-0.0869372, -0.02804138, -0.01520888
-0.99383527, -0.09576708, -0.05529954
0.35955262, 0.62270203
-0.0869372, 0.02749611, -0.01520888
-0.99383527, 0.09576708, -0.05529954
0.40621653, 0.622675
0.08672212, 0.12850721, 0.00082346
0.98452711, -0.17514573, 0.0
0.49186936, 0.6093154
0.08258737, 0.18485233, -0.10605884
0.99880975, 0.0420545, -0.02429273
0.53899401, 0.70012027
0.08258737, 0.21349198, 0.00082346
0.99880975, 0.04858547, 0.0
0.56396037, 0.60937849
0.08672212, 0.1112536, -0.06356645
0.98452711, -0.151677, 0.08755761
0.47711641, 0.66385883
0.08258737, 0.10660968, -0.1843015
0.99880975, 0.02429273, -0.0420545
0.47277728, 0.76569363
0.08672212, -0.00027263, -0.12795638
0.98452711, 0.0, 0.17514573
0.38266876, 0.71822464
0.08258737, -0.00027263, -0.21294115
0.99880975, 0.0, -0.04858547
0.38262969, 0.79030143
0.08258737, -0.10715494, -0.1843015
0.99880975, -0.02429273, -0.0420545
0.2920123, 0.76542269
0.08672212, -0.06466255, -0.11070277
0.98452711, 0.08755761, 0.151677
0.32824123, 0.70353338
0.08258737, -0.1853976, -0.10605884
0.99880975, -0.0420545, -0.02429273
0.22634882, 0.69947335
0.08672212, -0.12905245, 0.00082346
0.98452711, 0.17514573, 0.0
0.27369791, 0.60895452
0.08258737, -0.21403725, 0.00082346
0.99880975, -0.04858547, 0.0
0.20151353, 0.60896716
0.08258737, -0.1853976, 0.10770577
0.99880975, -0.0420545, 0.02429273
0.22669084, 0.51796088
0.08672212, -0.11179886, 0.06521338
0.98452711, 0.151677, -0.08755761
0.2884551, 0.55440822
0.08258737, -0.10715494, 0.18594845
0.99880975, -0.02429273, 0.0420545
0.29265124, 0.45281076
0.08672212, -0.00027263, 0.1296033
0.98452711, 0.0, -0.17514573
0.38289708, 0.50012895
0.08258737, -0.00027263, 0.21458808
0.99880975, 0.0, 0.04858547
0.38290092, 0.4279843
0.08258737, 0.10660968, 0.18594845
0.99880975, 0.02429273, 0.0420545
0.47372738, 0.45292979
0.08672212, 0.06411728, 0.1123497
0.98452711, -0.08755761, -0.151677
0.43736866, 0.51484528
0.08258737, 0.18485233, 0.10770577
0.99880975, 0.0420545, 0.02429273
0.53934634, 0.51917332
0.07607573, 0.07377736, 0.04357639
0.99993896, 0.00805689, 0.00463881
0.44449371, 0.57362646
0.07607573, -0.07432263, -0.04192946
0.99993896, -0.00805689, -0.00463881
0.32105979, 0.64473701
0.07988489, -0.10064624, 0.05877439
0.94451737, 0.2844325, -0.16422009
0.29893002, 0.56055483
0.08672212, -0.06466255, 0.1123497
0.98452711, 0.08755761, -0.151677
0.32836381, 0.51467201
0.07988489, 0.11562922, 0.00082346
0.94451737, -0.32844019, 0.0
0.47969547, 0.60929677
0.07607573, -0.07432263, 0.04357639
0.99993896, -0.00805689, 0.00463881
0.32104558, 0.57342529
0.07988489, -0.00027263, 0.11672531
0.94451737, 0.0, -0.32844019
0.3828851, 0.51227552
0.07988489, 0.05767829, -0.09955014
0.94451737, -0.16422009, 0.2844325
0.43099204, 0.69305006
0.08672212, 0.06411728, -0.11070277
0.98452711, -0.08755761, 0.151677
0.43707222, 0.70370892
0.07607573, -0.04302556, 0.07487345
0.99993896, -0.00463881, 0.00805689
0.34722096, 0.54742447
0.07607573, 0.07377736, -0.04192946
0.99993896, 0.00805689, -0.00463881
0.44444382, 0.64486223
0.07988489, -0.00027263, -0.11507838
0.94451737, 0.0, 0.32844019
0.38267559, 0.70607734
0.07988489, 0.05767829, 0.10119707
0.94451737, -0.16422009, -0.2844325
0.43122733, 0.52547652
0.08672212, 0.1112536, 0.06521338
0.98452711, -0.151677, -0.08755761
0.47735691, 0.55480149
0.07607573, 0.04248029, -0.07322653
0.99993896, 0.00463881, -0.00805689
0.41831425, 0.67092142
0.07607573, 0.04248029, 0.07487345
0.99993896, 0.00463881, 0.00805689
0.41845143, 0.54746163
0.07988489, -0.05822356, -0.09955014
0.94451737, 0.16422009, 0.2844325
0.33436111, 0.69289011
0.08672212, -0.11179886, -0.06356645
0.98452711, 0.151677, 0.08755761
0.28825319, 0.66364282
0.07607573, -0.04302556, -0.07322653
0.99993896, -0.00463881, -0.00805689
0.34710282, 0.67088896
0.07988489, -0.11617447, 0.00082346
0.94451737, 0.32844019, 0.0
0.28596178, 0.60900751
0.07988489, -0.05822356, 0.10119707
0.94451737, 0.16422009, -0.2844325
0.33455124, 0.52540654
0.07607573, -0.00027263, 0.08632932
0.99993896, 0.0, 0.00930815
0.38284281, 0.53782704
0.07988489, 0.10010097, 0.05877439
0.94451737, -0.2844325, -0.16422009
0.46660063, 0.56097916
0.07607573, 0.08523321, 0.00082346
0.99993896, 0.00930815, 0.0
0.45410496, 0.6092532
0.07988489, 0.10010097, -0.05712746
0.94451737, -0.2844325, 0.16422009
0.46639752, 0.6576114
0.07607573, -0.00027263, -0.08468238
0.99993896, 0.0, -0.00930815
0.38270032, 0.68051234
0.07988489, -0.10064624, -0.05712746
0.94451737, 0.2844325, 0.16422009
0.29898995, 0.65742323
0.07607573, -0.08577848, 0.00082346
0.99993896, -0.00930815, 0.0
0.31143203, 0.60907957
-0.08280246, 0.18485233, -0.10605884
-0.99880975, 0.0420545, -0.02429273
0.53901774, 0.70010206
-0.0869372, 0.12850721, 0.00082346
-0.98617512, -0.16559343, 0.0
0.49176961, 0.60928738
-0.08280246, 0.21349198, 0.00082346
-0.99880975, 0.04858547, 0.0
0.56395918, 0.60936204
-0.08280246, 0.10660968, -0.1843015
-0.99880975, 0.02429273, -0.0420545
0.47281528, 0.76570883
-0.0869372, 0.1112536, -0.06356645
-0.98617512, -0.14340648, 0.08279672
0.47708848, 0.66364297
-0.0869372, -0.00027263, -0.12795638
-0.98617512, 0.0, 0.16559343
0.38302746, 0.71779811
-0.0869372, 0.06411728, -0.11070277
-0.98617512, -0.08279672, 0.14340648
0.4372077, 0.70346159
-0.08280246, -0.10715494, -0.1843015
-0.99880975, -0.02429273, -0.0420545
0.29186735, 0.76541376
-0.08280246, -0.00027263, -0.21294115
-0.99880975, 0.0, -0.04858547
0.38260737, 0.79035519
-0.08280246, -0.1853976, -0.10605884
-0.99880975, -0.0420545, -0.02429273
0.22626063, 0.6992113
-0.0869372, -0.06466255, -0.11070277
-0.98617512, 0.08279672, 0.14340648
0.32654664, 0.7042748
-0.0869372, -0.12905245, 0.00082346
-0.98617512, 0.16559343, 0.0
0.27391884, 0.60905612
-0.0869372, -0.11179886, -0.06356645
-0.98617512, 0.14340648, 0.08279672
0.2880463, 0.66389835
-0.08280246, -0.1853976, 0.10770577
-0.99880975, -0.0420545, 0.02429273
0.22655569, 0.51826346
-0.08280246, -0.21403725, 0.00082346
-0.99880975, -0.04858547, 0.0
0.20161426, 0.60900345
-0.08280246, -0.10715494, 0.18594845
-0.99880975, -0.02429273, 0.0420545
0.29275811, 0.45265663
-0.0869372, -0.11179886, 0.06521338
-0.98617512, 0.14340648, -0.08279672
0.28865662, 0.55467063
-0.0869372, -0.00027263, 0.1296033
-0.98617512, 0.0, -0.16559343
0.38296628, 0.50018767
-0.0869372, -0.06466255, 0.1123497
-0.98617512, 0.08279672, -0.14340648
0.32851163, 0.51469618
-0.08280246, 0.10660968, 0.18594845
-0.99880975, 0.02429273, 0.0420545
0.47370601, 0.45295173
-0.08280246, -0.00027263, 0.21458808
-0.99880975, 0.0, 0.04858547
0.38296601, 0.42801028
-0.08280246, 0.18485233, 0.10770577
-0.99880975, 0.0420545, 0.02429273
0.53931278, 0.51915419
-0.0869372, 0.06411728, 0.1123497
-0.98617512, -0.08279672, -0.14340648
0.43744069, 0.51490083
-0.0869372, 0.1112536, 0.06521338
-0.98617512, -0.14340648, -0.08279672
0.47729841, 0.55489692
-0.07664721, 0.07377736, 0.04357639
-0.99996948, 0.00543229, 0.00314341
0.44464499, 0.57362628
-0.07664721, 0.08523321, 0.00082346
-0.99996948, 0.00628681, 0.0
0.45423031, 0.60924181
-0.07664721, -0.07432263, -0.04192946
-0.99996948, -0.00543229, -0.00314341
0.32214797, 0.64524484
-0.08047418, -0.11617447, 0.00082346
-0.94866788, 0.31626332, 0.0
0.28596166, 0.60916516
-0.07664721, -0.08577848, 0.00082346
-0.99996948, -0.00628681, 0.0
0.31186581, 0.60920537
-0.08047418, -0.10064624, 0.05877439
-0.94866788, 0.27387309, -0.1581164
0.29916689, 0.56074807
-0.08047418, 0.11562922, 0.00082346
-0.94866788, -0.31626332, 0.0
0.47977948, 0.60926884
-0.07664721, -0.07432263, 0.04357639
-0.99996948, -0.00543229, 0.00314341
0.32125255, 0.57351172
-0.08047418, -0.00027263, 0.11672531
-0.94866788, 0.0, -0.31626332
0.38296339, 0.51222664
-0.08047418, -0.05822356, 0.10119707
-0.94866788, 0.1581164, -0.27387309
0.33462811, 0.52532083
-0.08047418, 0.10010097, -0.05712746
-0.94866788, -0.27387309, 0.1581164
0.46659857, 0.65758547
-0.07664721, -0.04302556, 0.07487345
-0.99996948, -0.00314341, 0.00543229
0.34731832, 0.54744962
-0.07664721, 0.07377736, -0.04192946
-0.99996948, 0.00543229, -0.00314341
0.44461289, 0.64483345
-0.08047418, -0.00027263, -0.11507838
-0.94866788, 0.0, 0.31626332
0.38294813, 0.70556587
-0.08047418, 0.05767829, -0.09955014
-0.94866788, -0.1581164, 0.27387309
0.43112695, 0.69283706
-0.07664721, -0.00027263, 0.08632932
-0.99996948, 0.0, 0.00628681
0.38293868, 0.5378294
-0.08047418, 0.10010097, 0.05877439
-0.94866788, -0.27387309, -0.1581164
0.46677932, 0.56091291
-0.08047418, 0.05767829, 0.10119707
-0.94866788, -0.1581164, -0.27387309
0.4313015, 0.5254814
-0.07664721, 0.04248029, -0.07322653
-0.99996948, 0.00314341, -0.00543229
0.41842017, 0.67081833
-0.07664721, 0.04248029, 0.07487345
-0.99996948, 0.00314341, 0.00543229
0.41856614, 0.54747328
-0.07664721, -0.00027263, -0.08468238
-0.99996948, 0.0, -0.00628681
0.38267729, 0.6805698
-0.08047418, -0.10064624, -0.05712746
-0.94866788, 0.27387309, 0.1581164
0.29854405, 0.65813705
-0.08047418, -0.05822356, -0.09955014
-0.92025512, 0.2766808, 0.2766808
0.33186033, 0.69181246
-0.07664721, -0.04302556, -0.07322653
-0.99996948, -0.00314341, -0.00543229
0.34604028, 0.67044866
-0.08047418, -0.05822356, -0.09955014
-0.95889157, 0.08621479, 0.27027193
0.33217523, 0.69191957
# Number of Faces:
240
# Face Data:
0, 1, 2
1, 0, 3
2, 4, 5
4, 2, 1
5, 6, 7
6, 5, 4
7, 8, 9
8, 7, 6
9, 10, 11
10, 9, 8
11, 12, 13
12, 11, 10
13, 14, 15
14, 13, 12
15, 16, 17
16, 15, 14
17, 18, 19
18, 17, 16
19, 20, 21
20, 19, 18
22, 23, 24
23, 22, 25
24, 3, 0
3, 24, 23
26, 27, 28
29, 27, 26
30, 27, 29
31, 27, 30
32, 27, 31
33, 27, 32
34, 27, 33
35, 27, 34
36, 27, 35
37, 27, 36
38, 27, 37
28, 27, 38
39, 40, 41
42, 43, 41
44, 42, 41
45, 46, 41
47, 45, 41
48, 44, 41
40, 49, 41
43, 39, 41
50, 48, 41
51, 47, 41
49, 51, 41
46, 50, 41
52, 53, 54
55, 56, 53
56, 57, 58
57, 59, 58
60, 61, 59
61, 62, 63
62, 64, 63
65, 66, 64
66, 67, 68
67, 69, 68
70, 71, 69
71, 52, 54
28, 72, 26
73, 35, 34
62, 74, 65
33, 73, 34
74, 75, 65
76, 55, 52
77, 33, 32
75, 78, 67
55, 79, 80
81, 32, 31
78, 70, 67
82, 28, 38
80, 83, 57
30, 81, 31
84, 85, 70
86, 38, 37
83, 60, 57
87, 30, 29
85, 76, 52
36, 86, 37
88, 89, 60
72, 29, 26
90, 36, 35
89, 91, 62
92, 77, 81
92, 93, 78
84, 93, 87
84, 72, 94
94, 95, 76
96, 95, 82
96, 86, 79
79, 97, 83
88, 97, 90
88, 73, 98
98, 99, 91
91, 77, 74
100, 101, 102
103, 104, 100
103, 105, 106
107, 105, 108
109, 110, 107
109, 111, 112
113, 111, 114
115, 116, 113
115, 117, 118
119, 117, 120
121, 122, 119
121, 101, 123
49, 124, 125
46, 126, 50
116, 127, 111
48, 126, 128
118, 129, 116
104, 130, 101
48, 131, 44
118, 132, 133
106, 134, 104
44, 135, 42
122, 132, 117
49, 136, 51
106, 137, 138
43, 135, 139
122, 140, 141
51, 142, 47
110, 137, 105
43, 143, 39
123, 130, 140
45, 142, 144
110, 145, 146
39, 124, 40
45, 147, 46
112, 127, 145
135, 129, 133
139, 133, 132
141, 139, 132
124, 141, 140
125, 140, 130
134, 125, 130
142, 134, 138
144, 138, 137
148, 144, 137
126, 146, 145
128, 145, 127
129, 128, 127
52, 55, 53
55, 80, 56
56, 80, 57
57, 60, 59
60, 89, 61
61, 89, 62
62, 65, 64
65, 75, 66
66, 75, 67
67, 70, 69
70, 85, 71
71, 85, 52
28, 95, 72
73, 90, 35
62, 91, 74
33, 99, 73
74, 92, 75
76, 96, 55
77, 99, 33
75, 92, 78
55, 96, 79
81, 77, 32
78, 84, 70
82, 95, 28
80, 79, 83
30, 93, 81
84, 94, 85
86, 82, 38
83, 88, 60
87, 93, 30
85, 94, 76
36, 97, 86
88, 98, 89
72, 87, 29
90, 97, 36
89, 98, 91
92, 74, 77
92, 81, 93
84, 78, 93
84, 87, 72
94, 72, 95
96, 76, 95
96, 82, 86
79, 86, 97
88, 83, 97
88, 90, 73
98, 73, 99
91, 99, 77
100, 104, 101
103, 106, 104
103, 108, 105
107, 110, 105
109, 112, 110
109, 114, 111
113, 116, 111
115, 118, 116
115, 120, 117
119, 122, 117
121, 123, 122
121, 102, 101
49, 40, 124
46, 147, 126
116, 129, 127
48, 50, 126
118, 133, 129
104, 134, 130
48, 128, 131
118, 117, 132
106, 138, 134
44, 131, 135
122, 141, 132
49, 125, 136
106, 105, 137
43, 42, 135
122, 123, 140
51, 136, 142
110, 148, 137
43, 139, 143
123, 101, 130
45, 47, 142
110, 112, 145
39, 143, 124
45, 144, 147
112, 111, 127
135, 131, 129
139, 135, 133
141, 143, 139
124, 143, 141
125, 124, 140
134, 136, 125
142, 136, 134
144, 142, 138
148, 147, 144
126, 147, 148
128, 126, 145
129, 131, 128
